2000 20000
19090 18210
8640 4380
2750 19120
1990 9660
4035 13660
10880 12125
13340 3515
15275 10555
12575 18290
3760 11410
6260 3440
2335 3685
18380 7950
1045 12825
11795 3785
16795 18865
18515 14295
3595 10535
645 4955
9385 16375
12140 8795
10705 7320
10470 11350
11090 9415
9175 4940
7580 715
3310 905
8930 5840
4010 5305
11180 1895
1950 16655
4240 1950
1660 1170
3290 245
18055 3285
4590 17020
15615 13665
8100 16160
1995 19170
19495 6870
9125 13195
8760 4545
13885 15555
8785 14580
6855 4840
15615 15450
19095 9950
6200 18190
5915 14325
12360 10785
17420 4015
13350 11765
10945 2325
19255 18415
7845 5795
1145 19285
8435 12265
4150 3175
9715 995
16755 10990
5555 14460
15270 15155
13660 15510
18845 5170
11215 18890
3665 12760
8255 7045
1895 10050
10185 17410
325 17230
8475 2375
16340 4390
10435 17190
12725 3055
3490 3735
15405 12695
14775 3900
2180 10320
1085 15435
1300 3810
11000 110
6735 8295
4060 12320
4250 19700
1205 16255
9530 3115
7695 18925
17645 10020
19835 14530
11455 9660
5725 15370
12620 5105
12700 19295
6010 19945
15520 12645
4855 795
3485 7215
14320 8215
9200 6170
15555 9995
3810 8710
3110 18855
12430 19335
2955 16700
7830 11070
11040 12185
2325 5120
9495 17840
8465 4335
15990 4045
3620 18350
11105 2245
3565 9750
9565 15355
4205 11150
17065 12320
18730 19330
4190 1990
9020 2345
520 16330
11615 18605
11255 16360
11755 16070
6965 19695
405 2075
18265 19070
10520 7635
14450 3555
15955 15575
140 8265
18980 17810
11585 7970
11405 4810
11380 18620
14935 12370
18130 5255
14810 9540
8345 14030
6670 5675
19435 6590
5540 13470
10285 13290
4015 4115
3340 6565
15550 7725
9165 3535
1265 7805
7770 19010
16770 11670
15795 16925
9600 5995
8520 5740
16985 13715
7365 9625
9825 5670
19640 2900
15540 19380
8895 4980
9940 16125
14345 13555
9745 1250
1330 18340
6630 15835
240 10265
14930 7265
17410 13440
13245 15640
12455 5405
15935 16875
8550 1415
4600 1175
425 16885
13280 10155
9155 14745
10875 13970
17050 13660
7130 11265
2525 6125
8140 6660
18315 16710
8630 4755
19285 11995
3545 1290
5675 17225
4950 4485
19420 3385
18095 8825
6305 3250
11105 4005
15245 10285
11550 3820
10015 10500
13310 19640
19215 6015
11005 8690
12175 3420
15200 13980
495 13010
8885 2995
18710 11385
5070 12360
10925 2965
17135 6405
6630 5685
13855 10050
1550 345
3450 1440
6370 900
8710 10445
2965 19885
12535 10630
19950 11235
11320 15620
3470 1240
9680 14225
16330 915
9660 8200
14190 14870
13070 18905
13210 18215
3915 2540
18750 7650
8035 14880
675 9220
2830 3750
8880 15280
13925 17740
15310 1410
3110 11900
1420 6590
9325 2440
19055 17750
1580 16975
7200 14875
3220 8280
2950 17635
18125 8865
9775 15715
19240 17110
3030 16770
4010 17690
2725 3485
2570 13735
14740 15440
15740 6095
6965 9045
16650 5565
11855 19075
3200 11015
755 8765
11750 18620
8365 9090
18655 5540
6390 15375
7165 150
9685 5890
13690 15480
8535 17060
2835 6010
13905 5370
10175 5695
6105 18025
3660 3880
13115 5590
9510 18250
12830 4750
19375 7930
4850 1825
18230 17910
11505 5580
7050 12875
13035 3030
15745 4290
2790 16135
2465 6570
18335 18980
155 19025
15930 5740
19190 2900
18385 10255
12655 2400
715 11575
5275 7475
9045 8230
6575 1130
7185 6370
14130 3770
16080 18845
1310 6805
2305 19250
8960 18905
1875 4080
17680 15795
40 11570
13160 11135
18550 12130
2530 7155
2065 645
13455 15385
15250 1620
4590 19225
1270 13130
4120 13440
10010 17935
2210 14645
1825 8700
9930 13975
1880 8215
3665 18880
14455 6295
17210 5340
11225 4275
9605 5985
6190 7340
7260 4920
14360 3430
11540 15680
15655 16460
5470 15865
15510 4155
10345 3885
19350 2600
19700 1250
16470 1155
6695 2055
8990 4935
13535 8170
12765 3845
9035 6530
18005 8970
19575 14240
16950 2800
18055 1455
2240 1080
14965 1745
13620 11110
7485 14100
13390 7485
8880 11245
14080 4225
18905 3455
17645 16650
385 3685
18570 11780
9030 18665
13190 18030
17210 8095
13315 800
15500 4325
650 1535
6460 9355
5145 17880
18935 10545
13140 13620
975 2735
9920 14435
4240 4885
12755 16000
13000 5675
18320 710
1310 12740
15895 12850
7255 14560
11815 1220
19850 3780
3460 14610
9675 17545
1490 17575
7410 2745
935 590
16930 19355
17280 10730
11555 17255
4175 14500
7430 19755
15155 8590
16135 6710
4815 10635
18885 19515
13245 19275
2835 19760
16515 4785
4095 15670
17635 18240
50 8945
4630 3140
1790 9585
16065 6885
5925 5795
4780 1230
3680 6570
7890 19745
12785 1755
19680 16760
13605 1745
6970 2040
14850 1860
2565 11665
6465 19495
15165 15690
6485 12575
17505 6195
17130 15795
2055 3950
10760 2160
16360 6760
1145 17530
1710 14065
13565 4825
18070 11740
5490 18885
7525 19935
3790 2670
16700 7935
18725 16350
17490 5130
15290 18325
18995 2685
16105 18465
12700 12915
3280 12380
9125 1795
6850 10190
8750 17980
17455 4725
75 8255
9295 11790
7415 5955
19485 7090
18615 17210
8045 630
12990 7400
6875 17690
19240 6395
19070 11670
8375 3935
6975 5550
5225 15500
17145 610
18855 19345
15310 9360
10070 17810
16285 16790
4895 7905
860 5155
18140 390
50 11385
11240 14715
7880 12270
5710 15905
11800 18240
3940 12525
8705 730
15840 18540
6465 9840
8915 15330
1310 15250
7955 6825
17970 15360
18230 595
1845 4710
16420 14310
13875 13985
16715 8070
19215 2320
17775 16450
9070 6935
18635 18190
15070 9050
13390 45
16455 2375
6320 16950
7265 940
9665 3835
115 16210
10650 1585
6435 925
8210 8935
15380 6785
4695 4545
4955 17230
15605 4150
935 18320
17165 8635
11285 14755
12655 7700
9610 15715
14535 13995
18375 2440
10175 2075
2640 15165
9230 18005
3840 5185
11980 1900
10065 3755
8355 4915
18335 19970
590 18010
2700 12210
7475 1365
6715 14115
18840 18000
1595 19430
14820 17655
17900 18970
17415 10635
35 6600
7970 1420
16255 11345
12950 4920
7580 15120
5075 3225
7755 18105
6540 14250
17100 2805
12115 18620
805 13690
10195 17240
15170 4890
19190 5275
15440 16480
715 16270
10890 18100
4520 1705
15720 17150
15650 13020
15985 16020
19195 2650
17530 15080
1905 19555
15385 2315
5595 17620
15745 7455
15420 7430
13425 10675
14645 14915
3350 9765
18695 9770
4030 4275
9610 8615
13425 12995
8950 16450
12810 18930
16560 6245
1185 5915
1665 12330
10855 1280
2790 3810
8380 3730
670 16060
1910 9115
6415 2685
15425 14930
10575 12415
13275 18895
5470 16315
16555 6415
15100 8670
11000 8915
10855 6395
14585 18095
16130 17545
14645 2150
4120 6625
15105 16920
2895 14645
6405 18710
14930 10860
17765 19535
10705 4575
11530 19305
3620 10280
19770 1300
8025 9740
18435 17770
17010 9625
12790 14825
145 19395
4350 11620
3105 15735
16320 13960
1975 8180
12285 9435
615 7735
8700 19825
19440 20
8305 6890
7590 12305
1130 18665
9290 10160
775 17595
1075 4310
15880 14075
5675 10400
11665 9835
19115 2570
11375 16665
5560 1235
1320 6075
3785 3825
17585 8560
10370 7705
10440 10360
3715 2685
10470 16490
13300 17710
15380 5540
16435 10265
18820 13055
2110 17260
5015 14790
755 5780
11140 10265
4220 1770
4750 505
10820 7000
4665 5700
7775 14845
12060 8240
7420 17530
3605 16635
19925 5535
6120 2200
17240 12090
6375 16600
16050 6200
450 8715
10940 1435
3355 8750
17195 6105
7535 6765
5380 7245
10385 5315
15610 14310
10505 2355
940 1620
4235 18950
4975 9985
17100 16495
18625 18210
420 15540
16450 15925
17710 6515
4335 14385
5615 8320
10355 10320
8330 13990
1295 16160
16840 19380
4030 7830
2835 13545
18100 2190
4655 730
6490 6265
11050 8200
9315 2505
15415 4185
2885 12160
5390 3575
1115 6940
5105 10100
3090 5515
15385 9890
6780 330
16215 5360
19215 14660
5460 10595
13595 8945
11350 5105
14485 18635
15365 2670
17200 11490
15415 19315
12710 13455
4935 3310
17080 18330
15435 4375
6945 15175
9780 10595
1625 5170
18265 6560
17700 8815
2990 3335
12145 19995
15905 19675
14290 12265
17230 10775
5905 17705
14150 10795
12025 12005
4475 6095
14635 10550
8170 6640
18740 1615
1310 16045
2375 1775
13045 2630
3485 6845
5085 10905
11525 17645
12185 9975
12920 6605
19205 1060
12660 30
17795 9780
12705 18670
11160 5855
12485 16420
1520 12655
16285 11065
18155 3030
4005 12275
14420 5280
11445 19135
7265 15120
17110 11935
14070 15170
5230 14115
18020 11380
7225 4495
8775 11665
8275 1370
19980 13485
17930 6265
10845 14065
13320 19835
1215 4080
10620 13865
15915 2240
3570 14570
11330 15395
9295 5195
5245 13135
1160 460
520 18445
10565 3595
14105 13815
6810 10340
13995 4360
11580 17475
17200 10000
7605 5360
7505 8870
10595 7120
15430 16030
11965 11295
5995 19465
16780 7955
5915 11990
11185 3610
15170 18390
7480 17755
3205 15285
7950 9105
1610 6775
2450 14740
1550 9320
1185 8755
6820 2695
7295 16955
14890 15275
19000 17665
10305 11975
13575 13280
4975 1130
5315 6885
12250 730
15725 11350
13950 1740
6230 16780
13035 305
7065 9170
14215 6495
7705 8920
18345 9910
16075 3390
15785 15220
19235 9220
1205 9490
16250 8470
16380 2195
14325 8140
7360 4050
295 5355
17300 11980
5135 6040
12850 1515
9750 11975
3535 13860
425 19225
13710 2130
7930 17365
18555 4810
8560 5025
2405 14825
12755 215
6405 18390
345 245
2595 15035
18755 215
3765 18060
7725 14095
4900 225
9585 1330
11360 1900
2605 3240
15730 11585
11885 15180
19960 5950
2265 15315
16385 15520
6835 8395
12450 9225
10595 13820
12710 12865
3635 15925
17255 13615
4960 2850
7595 10295
10930 17860
4620 18150
17555 5845
13210 12000
4665 11990
5880 14375
12205 15075
1770 4805
1065 985
1670 2790
6485 5595
13580 15105
16370 4570
10945 19945
6185 5745
14220 10635
4460 11575
10140 2540
16670 8255
15705 18940
11840 5200
8280 250
12400 1230
12065 16185
6965 7120
1665 2765
19750 7725
19065 11580
16155 13045
2360 15575
16665 18610
12655 10430
3790 11405
10605 16445
1675 12315
15295 19520
7565 17890
9015 5350
7905 2250
13515 9115
3800 5235
15360 1890
9360 15750
3290 12495
8690 6785
15700 14385
9695 11165
810 18240
9385 695
14005 3570
10230 5490
6945 4440
17460 7865
7200 11435
12600 19645
19795 14885
11615 11440
4700 4720
18525 18350
16485 5840
2730 7735
4465 16970
12025 14070
1315 13375
17165 8465
10555 9110
2845 17600
2155 6245
16395 11975
8130 4475
7640 16635
765 15410
3790 9340
17955 11585
8725 7930
15905 645
14165 16510
16650 15805
8860 10370
12400 3005
8805 7695
15845 9345
10670 16185
10335 2745
8020 3875
10260 7500
4175 11455
15645 5235
1160 2210
14360 870
2650 10890
4545 17360
12540 8640
15740 7500
1515 6260
11680 9755
9745 12520
7835 11295
18025 13615
17825 11930
4510 15175
4185 8595
14895 18315
3535 7795
9980 5875
19820 9775
3285 10045
1685 4545
19625 16365
14520 18620
9135 19885
12475 12310
2685 6395
3915 7330
19155 13100
18175 8945
14965 8515
1085 495
3765 9725
210 6985
17140 4455
670 605
14600 17965
8845 17015
3955 16445
5145 16150
13620 17210
1270 6820
7045 18445
11035 9855
4140 19400
6720 15920
7235 12170
970 11220
17855 12105
13445 14905
6070 5830
10925 4720
9875 16230
8055 10790
1000 8620
1990 11080
2580 18565
16995 6435
7405 8220
6990 12290
6260 9625
18375 11695
1690 9035
18540 8085
18250 2850
8000 9240
14390 1300
17930 14515
5580 14630
14335 3775
16595 1060
9100 8905
7675 14860
770 3885
14900 12835
9370 13670
12905 11470
9460 14620
7320 17035
10335 13145
17770 17390
5150 12005
10890 8610
2105 10210
10415 8025
8500 17180
105 7630
12780 12005
15940 19880
3615 12870
4300 18545
1580 6700
13715 7775
18890 12390
6275 15705
13350 6765
2115 19580
5600 15450
6700 17895
10555 12975
9335 14310
2635 2110
13290 5630
9690 16205
13015 16755
8410 915
10950 470
18025 16955
19545 15170
7615 8440
2725 2580
850 6230
20 16735
8980 15495
18800 19755
890 18745
7860 18560
16885 13795
11765 1670
11365 11520
14445 2795
150 3190
4855 17360
17130 11530
5235 14795
11930 15635
12575 17700
8745 4650
2145 4930
16765 1460
11395 16995
9880 1470
9265 14490
19190 4325
4570 5360
2000 14320
4700 1250
1130 11335
16960 7800
7400 540
625 14850
17965 8850
11775 19485
18060 16910
15110 1465
16750 12455
15095 2645
12215 12390
1775 6665
3240 3240
1930 11995
10170 5200
1480 6385
7300 5525
2230 12090
2850 16830
17355 8375
14295 1305
14535 18275
17875 5850
16850 1790
9950 5370
11240 19435
12005 13585
10475 360
11125 880
5720 5705
10130 19130
3470 12755
7525 5130
18400 16210
1870 10585
16330 16980
9445 10495
18115 2795
11000 9415
5480 95
3445 18395
7250 8520
7275 10400
8050 3395
4445 13305
11665 5495
18015 5265
5790 19950
145 14650
1345 4965
17320 230
12870 100
18640 9225
17620 13530
2300 17655
885 18405
475 5435
2735 9545
19770 4010
8585 18530
8290 4380
12190 19215
19075 6030
14630 10920
16215 8155
6905 16550
10360 16530
13520 15955
6845 9370
305 13480
90 9180
4285 13950
5685 2440
9245 260
18030 4080
5515 18365
6770 11435
18415 15885
8770 12540
14585 11370
2140 7305
3880 14030
7500 2470
4085 10715
11880 8005
5340 18170
7475 15895
1165 18295
19545 3290
17765 1340
7735 14405
13530 6125
8425 4255
14925 18080
4105 12750
2445 6570
670 2310
8285 6230
10345 6160
8455 4680
2840 12970
10630 7280
16790 15095
1860 6230
7785 6245
14605 2880
9155 4670
4295 6480
19065 11110
15115 7920
4225 19635
310 4205
5895 6350
19385 2925
2905 6175
2885 11875
2415 12420
16430 15865
1625 2225
19085 4810
11195 12005
19990 2510
2850 4465
1000 17180
8675 12240
16985 6740
8830 19775
900 14520
14920 2140
8935 19995
9895 6420
4695 16915
19215 9865
15165 14895
10840 2950
10945 8305
17915 4275
11580 2770
7330 5100
8070 12425
13505 6430
4685 605
17835 8310
10710 4525
19710 9960
10615 18000
16780 12620
4050 7080
14210 5810
3115 5760
690 6800
9320 2680
19010 7055
13720 9950
13880 18840
420 3365
7795 16395
1260 11195
17070 7305
15355 1850
8790 14465
495 14520
12590 5235
14990 15955
4940 940
8020 19550
14595 9065
16630 7560
355 3745
11515 7875
12650 990
3930 450
6960 18355
8225 17095
7490 12530
9740 4830
19235 14980
1285 7615
10930 12465
5500 2460
230 17070
6910 1350
10610 425
11140 19310
14955 4790
15265 13480
18510 19660
12660 8590
15575 19705
395 13655
19185 420
8110 11270
19715 7830
4570 1905
6525 2905
16780 5600
16775 16155
15450 6305
13000 5040
11820 5385
12220 11145
1585 6335
8455 3200
12005 13670
7065 17605
9235 4075
16930 16615
6850 2835
10210 9130
750 8390
9220 17365
3580 1990
19050 7850
11240 15495
8325 16245
11940 1200
15575 19370
6105 12160
11700 12975
12145 7945
5365 11640
1625 13665
10715 2770
4775 5840
2770 18430
6510 14200
5105 1900
3330 1820
15890 19595
1730 15220
5045 9750
4085 3140
19255 16805
9835 9560
15825 12685
14530 18370
7290 18910
7615 14930
11470 6030
10605 11685
10150 1070
2910 16880
19010 11540
18485 11420
16275 5540
15860 9055
11920 13000
410 3445
7050 13620
10880 5655
16580 5575
18370 2145
18590 11765
4780 955
11910 525
3800 6245
4285 7320
17650 9345
10645 16230
12630 10385
10890 11810
14580 19160
3185 14710
16380 17450
14680 15880
7565 17970
3780 13590
9165 16565
2105 19855
3365 17940
18925 16340
11015 17055
16280 9650
11595 15450
9060 11220
1005 2675
1030 4975
10830 14235
6795 18605
5870 13600
17870 12800
5420 9355
8720 2470
17430 15300
13895 9560
12515 11390
13385 2705
19880 17705
7085 5820
930 5030
5425 15635
820 7735
12595 420
13430 2990
6660 10450
12725 4390
11830 12080
16135 5940
3570 4500
3425 6815
16900 15695
6990 4695
3580 10920
9430 4665
9970 335
385 1765
10245 19050
17865 5590
12190 4180
15865 6185
18015 5520
195 3645
10230 11350
10120 12675
6460 8440
17245 17810
18345 2185
8720 14600
625 2695
13510 9120
2825 4815
11505 1190
9215 6560
4825 19240
2820 13885
17695 9205
145 13400
8875 6695
4580 16110
18090 7225
10755 5495
13265 890
5650 895
13425 9405
1050 18920
8115 7460
19895 7555
1495 19775
13190 745
7420 12285
18200 1020
5895 11155
8785 11435
19650 13755
12305 19360
1565 3405
16045 17725
3670 7200
16185 8975
11140 16250
15320 11650
11385 16220
16380 12395
10980 11910
3065 6395
15765 7910
1685 15450
1965 6900
15255 18200
4095 15435
4045 3140
13665 19495
1590 9100
15115 17970
8565 16645
18030 9080
2170 18040
12035 10835
19400 19425
30 1320
16460 12410
14930 2965
2870 12130
12140 15590
11055 16125
5965 2470
18460 2525
8385 6090
1050 17085
4530 8040
17470 5505
2680 1610
16525 5080
13995 20000
560 18005
10615 11350
11955 13715
8865 6395
19245 170
12820 12265
16250 14775
16560 11795
16500 19970
19505 13665
8675 6865
16800 9905
8545 12890
5045 12625
9865 2870
18675 19255
4645 1560
17315 4430
9705 4785
17880 12485
11545 4825
5690 15820
10085 8100
5115 6745
11430 11630
940 2820
8130 3475
10000 6100
16455 17840
14865 19955
12870 12815
1540 11655
9330 2565
12475 12520
16370 16445
8940 1335
9660 12695
14110 15985
4170 9765
12885 8585
16865 8195
11250 855
10780 13720
2235 6665
16410 17380
1955 14055
17690 830
12995 14240
10490 7360
785 18190
3115 11060
11930 10295
18960 10825
17710 17045
5005 12340
13720 730
8110 18690
17760 15570
10430 9450
18740 7295
14345 8390
17370 4225
10220 12700
11180 6650
12995 6145
16280 5855
19305 18020
19815 16945
15275 4420
7090 9070
630 7090
19015 12795
19240 2200
18105 10385
910 9535
2320 3295
19695 495
4315 10200
7985 6540
16665 17895
11530 9300
400 1145
1660 12350
1050 11300
2325 12885
2830 15025
4130 3530
16290 16430
17620 14200
13400 18040
6500 4135
3625 7095
18500 4185
12300 12655
2500 17120
6740 12075
12300 8585
1275 18385
10685 5640
6525 7560
6685 7840
18435 12680
3120 18870
9215 11370
690 9960
8125 14715
8200 19945
6385 19385
19110 2295
11945 14580
7260 145
12635 16270
2885 18490
19205 6845
17415 12860
7945 8695
9770 17505
4590 5540
16095 10450
5590 2475
19140 1635
7525 10310
5990 11890
18600 1185
20000 18665
2315 10555
1665 4760
15395 475
9000 14885
18110 10665
15840 435
6080 9730
4960 3025
3230 1740
16565 12650
15490 10480
10070 19520
13175 8410
5680 9740
16590 10850
17280 6415
8395 19020
5525 6225
6625 9620
6355 395
2960 16435
875 5830
15935 9255
16220 5075
17140 1475
7465 6395
6805 725
18360 15555
18300 11630
7150 7305
9435 9470
9820 9465
19075 9750
8885 14955
2230 14620
12380 13065
965 17820
10125 15335
7250 2635
17425 18800
13335 6360
12280 19605
3345 9645
13830 14920
17395 5845
7680 1400
18775 4315
2030 4025
11375 1730
10070 12280
7465 8490
7670 19595
1850 615
15170 13890
3410 55
11905 4730
13585 10175
14940 15265
4895 7695
5 10855
2935 15075
3315 130
19160 13105
5510 800
19335 5040
19220 6115
12035 18450
8640 1795
10325 5525
17225 10775
19370 6220
3995 6195
11260 2690
7925 16095
15730 9535
7140 7645
16875 12610
17530 14510
7715 2165
14625 15210
15450 18075
7960 9135
10745 18690
8285 19725
17735 13815
8155 290
11525 19485
14835 16715
16950 8240
6320 19825
13560 17340
11970 16760
2475 11795
11550 17340
13560 1980
875 11640
3715 3755
4345 19150
4440 130
11420 7700
13405 1230
1105 8130
18610 4480
17915 7405
7230 17540
8570 14290
15950 3715
15960 4910
9350 11175
10655 14135
6805 11650
10280 18690
15580 19780
1145 18670
2935 11065
10210 9315
2410 4240
12640 6555
2395 19675
16500 3010
5075 14600
11415 7710
15915 14220
5600 3410
16245 10920
16940 8475
2255 5985
19595 4040
13885 9010
15620 13050
9770 12275
5945 10475
15115 10450
9130 4380
125 14475
17440 9730
17275 4395
1545 13600
10535 615
8975 2630
9290 13725
18805 7130
19800 4200
3815 2560
9700 12855
16805 13880
16305 16405
13020 10610
865 6505
6345 13140
2170 12430
13120 3295
13510 420
4535 14270
16045 15390
6030 7450
7045 6015
4730 1200
9570 11500
14540 10350
17390 1585
165 12235
930 7785
5530 8465
18700 8515
13430 17645
4050 11020
420 425
19860 10485
19915 7230
17720 9925
6825 14660
290 16985
13290 1990
10825 10070
3990 655
2530 17415
14125 17115
11750 10080
7360 11875
12075 14675
19790 15190
12625 7605
6745 16435
3295 2165
8805 10630
11655 10620
7515 9585
6545 15590
7450 2330
2145 12560
850 6075
12805 19515
5535 625
13295 7215
14725 8650
2580 16310
11410 9805
12385 2180
15870 12530
11865 17375
10225 12045
19300 15135
19640 13225
17710 2980
1415 3120
18010 13560
2775 5190
16240 5650
11545 11800
12975 4765
18790 12320
4245 6625
14905 10150
5735 16265
12560 10515
17265 18570
13620 9965
15590 11815
11745 7535
9860 4055
13895 5420
15 5640
19835 3900
18375 11740
16230 1965
3920 16950
18045 3890
2890 15245
7060 5095
8035 3895
5675 19225
13915 12895
7520 7200
13825 680
6480 2730
3850 10730
14455 2945
14110 11650
10775 17750
16140 19625
13765 2385
17835 3120
795 5865
19235 6855
4265 590
18570 7875
13515 17965
17515 11215
14960 8240
8155 19185
18705 7815
5430 12160
16045 9860
110 10590
1145 7785
18725 16255
10360 2655
5415 5430
920 9075
19125 7020
17005 5980
7315 19985
9500 8720
5075 315
4975 10710
19560 6525
15315 10610
3085 6085
7290 15540
12780 5270
5365 17035
10760 14780
18875 8500
3165 1260
16255 625
8370 5085
9210 2675
19340 6125
7465 5325
5705 10260
6555 430
4230 5620
13025 16220
14650 14915
19075 4670
6805 6970
11190 10965
18535 17635
11010 1545
17530 7750
16045 6580
18700 9835
6965 6025
9010 18525
14495 2480
1205 14400
5880 6870
19380 520
12940 12225
5225 4680
430 9565
13750 16825
4750 15705
14395 14315
4920 7430
2490 5660
9900 200
5315 17175
11415 850
8165 19125
19340 9155
9585 8660
5010 7555
18315 7015
9305 2325
12100 13230
8795 540
16185 17420
7820 545
13930 12705
520 5745
10990 7480
16885 7835
7405 13955
7170 7505
12870 965
8580 1315
17980 10830
19080 645
7155 3655
3250 15600
18580 17205
12925 16160
17820 1870
6335 15970
9830 15825
350 5710
13330 19130
3205 10575
9320 17870
16285 19635
10465 10905
2945 5285
19065 4430
5305 9525
7420 2135
9015 11450
13515 12080
1990 13085
8190 13280
12815 16075
9525 5160
15110 13615
11310 9270
11670 19755
14990 5800
17500 17325
15625 19280
19840 11645
11715 14550
18645 10950
11165 6765
13870 6480
8945 14155
17720 3440
16420 5075
2555 5720
8155 14010
345 2195
15275 17370
12030 15315
13550 1825
1575 4935
7145 8130
15875 13060
17960 17450
13085 18440
270 12385
13565 8500
1240 4425
5585 15825
2365 10120
16950 17245
6165 1480
10225 2935
18885 9455
2055 10100
10780 13335
19435 2270
18110 305
4175 14025
18160 2025
19595 14660
3890 14160
10680 17845
13010 3130
18285 3910
2815 15535
9220 16325
17875 5500
19155 13900
3470 14130
10100 12975
11750 5925
16415 9865
18440 3975
17555 11565
225 6590
5510 12950
3545 11075
8350 18015
19995 8260
11355 17240
15750 2025
16595 5630
13575 2725
12435 2705
17225 13740
10935 18395
10160 15230
5200 10830
15370 6550
17820 13375
1550 5275
2085 1140
17025 6440
17795 10415
450 12390
50 4720
13070 3545
4030 16215
8470 5130
13290 1600
12890 12870
4210 12670
445 5880
12765 17535
15920 75
18580 8630
8590 7350
7610 4030
10645 14605
420 17265
16365 1670
10865 10985
13780 17175
7435 3375
9815 15830
