4000 40000
21170 30970
5020 23970
5295 15445
19270 10610
2155 8640
34420 20460
28695 245
29855 20220
36605 12055
27325 24255
3655 10470
14835 33275
35325 30440
26905 24715
23300 14665
11215 25190
12620 9965
18585 31920
7230 18525
5760 16675
38525 7105
21415 22580
22745 27695
10570 30780
3155 10310
21870 12590
20730 4905
16920 4965
11215 2320
16205 17700
20230 14920
33120 2440
7170 12895
9830 17340
21175 10850
35695 16410
34825 17425
37050 21415
26460 6810
17265 14835
31810 24375
8665 17835
16730 17540
13845 20170
14400 35700
11865 20770
32145 24410
39030 1285
7345 24305
30910 17230
32095 26280
12960 4195
20555 26425
11860 36435
30050 21635
31160 10090
800 17695
6570 15660
7100 26105
14625 20265
12070 7930
38385 33665
21975 24320
6970 18615
8045 36030
16575 20130
4225 27210
10690 18330
19335 2300
35910 20970
25120 28860
22835 15175
560 1935
10050 11250
3390 32600
32275 13390
9600 8910
36545 32770
35660 27555
21615 6575
17780 20330
12320 8320
9015 13090
4560 32700
10520 27725
7945 1585
12605 18070
27735 23405
28635 13440
11270 33145
13455 27390
35410 30085
12830 27200
7610 15010
30735 21340
12730 21975
7115 36985
4345 38265
28280 22605
15970 6465
30595 11065
32755 36485
17855 1820
17210 5535
3320 37200
7875 9290
11535 19195
39850 31715
1065 37970
885 15830
4435 6270
29355 13255
4630 38190
33590 12165
15680 18985
17365 23255
17585 30080
36410 11205
24320 35945
20930 5550
23300 39455
5955 32615
9615 15850
29645 3165
5435 4185
11785 23335
36955 14720
14970 21340
5130 3780
20885 13075
10590 5215
9540 32215
19380 24390
32105 37680
5125 24465
21920 39810
18140 9870
3495 935
21005 5625
1445 7460
25060 740
38450 25470
32675 24600
29380 4205
20240 11725
23820 23375
25720 5255
11525 6845
21755 36795
6930 35950
28240 4400
9995 15460
5700 14995
5055 33140
5470 26730
12540 28455
20760 38430
31240 22375
15590 39095
15005 29120
18730 33685
32360 7235
7370 16345
24320 37785
15275 29665
36890 11360
25820 3720
9955 12345
20470 33500
37225 37110
35020 12100
18755 20220
37550 9540
16885 27200
6750 10750
32715 17415
17970 38760
2615 18980
27320 19300
39845 33090
2570 32560
10010 18385
23420 4430
16105 5695
19875 9310
21315 7695
24610 17315
5045 19780
3415 24765
2050 18310
22100 12815
12030 25705
21415 38190
18640 4410
25290 19305
4505 95
28660 17190
9010 27680
6015 21595
14740 11430
21265 30450
12495 36195
39840 35265
32510 14580
37040 31815
2140 22280
37225 11905
29060 10925
37915 31845
23170 12045
7935 12435
34850 14685
20965 795
675 3670
31265 27515
14260 4935
17140 27345
31870 25010
20370 32545
31505 35595
2285 19240
8595 25155
25135 2825
37225 13300
5440 1000
18385 425
18125 775
28375 4205
11345 17945
10770 9295
980 29260
26930 10475
19650 6455
22135 26845
35625 37365
31435 28850
38170 21615
7975 2860
33130 2340
5595 35630
390 30270
26235 5900
20585 970
5350 21815
4475 31850
7530 8465
8185 6125
4480 4415
30360 6535
35525 32645
1110 26895
2425 6895
21040 33265
9485 12025
3140 10605
37685 39590
32185 25735
22985 39730
15670 29065
2960 22570
210 20365
36950 24795
13930 11600
29640 15130
17670 4870
35365 9745
19960 14520
5925 18550
33665 14885
36650 22395
34345 21940
20100 25610
37570 38650
2300 15095
5650 32100
31270 17575
13810 22165
22825 4855
36940 19975
15425 16665
1650 34275
6610 20915
3195 8390
24520 29305
2185 765
17125 27060
505 24415
34435 34550
27105 36825
33380 22505
26360 22495
39910 9800
5860 25050
22385 30055
10450 26140
29180 1615
1925 31920
7815 9955
27375 38430
17760 4660
35180 11105
9540 26790
26940 39925
12450 21020
13520 14195
33420 6785
6975 3180
9845 23545
31170 32560
17920 39040
1520 32240
25950 5520
2740 5840
25475 19235
21840 15780
39115 5315
4635 22590
12940 11765
38575 3640
22420 24080
9170 1020
15455 625
12950 10865
17605 10910
32245 39135
21195 20765
14550 24415
9450 31295
20935 36605
36650 22725
8445 4045
24970 1280
29355 33930
9990 34865
18635 32905
28660 28905
3385 20880
21135 38660
1205 7560
4825 12945
2875 25425
34455 6900
16105 15155
23090 4705
37675 19120
33015 16265
735 32780
4520 25400
34170 13125
38160 23450
18270 21815
27525 32245
26310 31030
38425 32150
26800 24890
14260 155
29795 11785
32390 6365
240 20340
12930 16215
23645 15765
3210 550
19425 12160
4410 29265
36050 5245
18645 26710
19195 24745
27955 22310
36215 34240
14705 15455
23175 4060
24040 23910
28830 6705
32300 4555
38385 28450
29720 34100
6655 38995
26835 28150
39705 27125
28045 4085
18260 25775
8100 20650
10110 4625
6795 3250
31225 9385
33270 21395
4420 11065
23390 39460
29745 2965
27345 24325
32775 31885
18975 19745
17885 9830
9055 20665
8570 28595
11460 33200
6980 39745
38435 5695
20425 28840
37080 2680
2305 29110
1110 21185
31405 23795
38770 38250
29785 37630
12325 32490
34595 17410
19480 21230
33795 9570
38620 31455
29165 28060
2310 27710
11655 30870
36550 36415
34890 24010
17170 21890
27315 30120
2330 12155
38930 35765
23770 34425
4200 36690
4635 23170
6525 21405
27790 7760
37960 17310
15100 15765
10770 11650
11685 32295
16990 14430
18835 570
36540 26765
755 30385
10890 5735
29435 29930
9090 32710
33705 23450
26310 14680
10750 5585
38370 38000
25595 7640
31500 38635
29700 13500
35515 35880
35630 14945
36830 34900
18195 38515
8580 27560
19280 31940
23685 37395
29345 18195
25935 30340
6700 35785
5700 30640
24365 20480
13415 6885
30300 34440
4225 16770
36765 4640
2140 17060
24845 34215
17470 28585
15300 2805
29345 10430
22915 15800
20950 16535
16745 15845
3325 31840
8915 21810
20670 34805
35930 18395
5110 7930
33400 25320
37415 25785
39295 305
27770 39955
8885 6180
2375 2440
38135 30315
20580 21580
4305 805
31270 15775
33485 28475
9925 5120
35710 14625
7615 18630
5140 18590
4295 1685
4940 23495
7085 20070
10290 8540
13035 35830
8995 9765
31690 22190
22705 8855
12510 7020
9790 37240
35790 29745
16255 35470
29240 13615
31800 22060
26280 7165
1285 31065
34860 22835
6540 35295
10940 11665
9160 21875
35040 7565
4020 33615
3880 28810
20220 36925
5795 27625
18915 33185
36170 11600
31970 24675
36640 17090
1405 39545
29765 7230
21900 36995
8835 38185
21700 25425
29260 11920
22385 29815
8905 25700
12515 34925
26285 28455
22760 2080
22235 14470
6340 35640
2775 11965
24440 8955
24595 14300
21180 7430
8320 23100
31005 36655
16630 24240
37795 17615
38710 33825
15660 39025
2665 22570
10500 30225
17305 35195
38955 24110
13505 20495
10815 12670
14545 14600
2535 7410
30590 38015
1690 4825
11940 7115
39295 15680
39565 33030
29665 35350
13995 14970
36280 1885
3975 4155
27845 240
32575 1580
24735 555
14040 5920
24875 34100
38075 32640
18510 4945
21560 10000
20655 3820
18530 10355
2955 630
9000 28590
30840 7505
27760 38325
37105 8425
20225 28780
37875 21925
13510 37865
30260 3965
34800 24690
31620 9485
22745 28080
13005 34395
27855 8970
35110 13825
2725 38145
38265 8265
21010 8390
29785 30260
23140 33560
18925 19745
3555 17460
14940 24725
15895 14805
32805 10535
21480 15315
24735 13830
7450 24615
15910 945
18730 4640
7145 5035
10510 23070
23330 12300
31105 24835
9965 21555
21810 4005
36685 1125
35715 12620
9645 24450
36115 35215
22375 36060
21805 33440
22170 10705
39320 21655
22445 1425
9510 1730
23180 14115
12030 39135
34445 35075
15725 12415
31560 18455
37670 10325
27885 7240
13685 960
28800 16455
39125 39810
17825 195
26490 3505
28925 2600
26090 8715
4660 8290
4590 19125
3595 37655
38405 30475
14555 18700
33070 29910
9340 34055
18265 8090
38245 9265
7625 11890
820 13660
11400 14670
9025 26255
4000 23470
17300 18270
29545 31425
28450 35070
10945 13690
12105 32345
4865 4290
23950 14465
9565 12695
5985 23685
21800 3190
21895 37540
37925 2895
36675 37175
17565 34570
24055 39460
27950 29975
14745 32915
23505 31880
15880 6470
30960 5440
2935 10210
815 27570
29000 16330
34710 4475
39640 14010
21975 20510
8045 30370
17430 17250
11060 11620
39450 39680
30770 30520
14995 33920
2915 11010
12790 3380
16380 3955
12560 18640
21840 16495
16650 2530
22465 25065
16180 13920
4920 905
18060 295
39760 20120
8925 9920
34890 15400
38470 15785
17375 16955
10645 14675
2555 28600
25845 8700
34100 39975
9210 16410
36465 31175
27340 32615
18370 25180
23940 12925
6510 10045
2005 14425
32975 28110
36300 3345
12785 9135
7115 17865
24930 27320
20025 1860
14155 18950
35875 1405
18200 1095
17055 28955
5025 18460
34400 22540
15550 25140
26340 10460
32295 8990
29220 35040
35405 7280
39270 23380
24540 30960
25845 5
32600 3475
760 25785
6725 10435
18675 3320
35145 35920
7860 35785
32230 31255
10615 8565
18860 15935
7930 12235
18525 7910
15470 36685
330 13570
5855 36070
8665 26605
12065 11360
9330 7130
6035 28945
22680 15760
185 29780
24160 33555
24725 16745
39300 27340
20790 2240
11760 7685
39335 5640
22900 34720
34425 4950
33790 25920
19945 18560
13445 28875
20595 17690
14140 1905
33820 26580
9740 3115
28860 28750
7785 21980
29120 37165
10725 36075
24875 36800
525 22915
39715 12465
10785 10500
35990 10205
36725 12380
16315 24845
6680 39545
34065 29780
31105 19345
18525 16110
3970 27415
1140 16570
22275 34090
26555 12605
27045 31825
10685 17075
5955 5285
26330 26720
30840 18255
2065 23200
19180 9310
32335 13965
4700 31835
795 34640
26465 6600
14320 29800
21480 35460
21270 6765
36480 27870
39815 31515
29960 20820
29570 37495
19505 31375
35175 34565
27930 38695
28235 18405
7395 18670
13520 27345
17475 11170
2485 33240
18960 20635
28090 31245
3155 38190
5565 18515
17765 23910
39975 25845
11130 14245
6005 34590
36135 33560
31000 11190
22925 25220
20710 35395
29675 20055
21225 5150
15260 8215
2285 20260
31940 36990
31000 19285
15035 8855
33025 33375
22230 3540
24415 31240
33545 15410
20475 34125
25745 21765
20205 10160
22500 30060
1820 17285
15745 6355
30915 34920
18495 25860
19750 29165
735 17680
650 23165
8125 24655
21895 30385
29895 35230
37570 3720
15055 28925
29870 36490
31630 31805
39315 30600
36215 38150
13155 31125
8845 6560
25670 20400
15445 28180
1585 29555
37820 6220
10565 25205
13350 1425
7615 7515
9800 27740
20925 33695
9035 33655
2730 11645
7190 20400
15755 5320
17600 10210
29245 500
37665 18325
1200 27745
20405 35800
31900 20625
17270 7545
37355 20805
27045 19035
25525 29730
31625 5565
19720 18075
25725 10620
12820 1055
28780 29555
25380 6520
35630 13390
39255 8065
6225 240
20195 36525
10080 14925
34035 1910
16135 17690
3420 22020
3965 4760
3215 20785
8910 37595
16000 28355
11315 30785
32825 7630
21335 30420
8395 27955
3330 2325
30630 36400
9395 39025
5565 33595
11540 25525
19105 38730
36500 35280
6725 16390
26195 27465
31300 39390
2690 23940
2400 16515
14330 5740
10890 35675
33605 23380
7615 22970
7560 3500
19805 2860
17290 22770
7880 36855
17515 36195
36800 405
7470 27065
12115 16815
3335 36910
25595 3165
1885 33000
13255 11055
38860 38245
15065 34635
12155 465
7145 23720
30645 23435
37880 15140
34855 16115
33640 29000
35015 15040
37030 6165
25750 22725
21065 6460
27490 19490
2600 21385
11290 39230
21055 16430
35615 3920
2400 11295
8340 3595
14295 31255
19275 31265
16520 32045
21370 4270
32355 18305
31400 17805
24755 11730
35740 21205
34820 17065
16180 21455
17395 16545
19535 18060
38075 23795
21890 3820
2945 31430
12120 31125
11260 4590
14410 1245
22065 5885
25760 20390
4495 6690
28020 17585
32985 2675
16195 1910
25910 10205
31290 34545
27790 13100
2105 5940
4150 23610
15380 12490
10895 19380
28745 19900
9410 21480
8830 12495
23745 36515
30405 35060
27520 21810
20090 29210
35040 22065
8175 20665
15035 28905
3455 17875
30 12915
9325 2025
5540 38855
25200 32590
35380 12085
12290 30480
25690 21450
18280 675
17095 9020
22550 9325
17450 13220
15515 11940
38850 33140
3400 21555
8355 26835
5365 6990
20420 31475
1390 20340
17610 39245
13845 27210
27190 34505
25055 10085
16465 14200
3630 3145
2780 24515
26205 19790
2585 405
11480 33230
36515 16645
9580 39950
19610 26380
6065 13505
5140 27620
20670 17595
18065 16130
5545 32855
29065 10640
30770 4645
29715 36375
38565 2985
15490 32145
38160 22740
14290 37760
35610 10020
18350 7455
15295 33325
12875 12790
32825 7995
22840 14440
33330 29555
6375 340
28515 34480
27045 6305
24960 15315
22650 4780
29575 2905
20960 27865
33245 2640
1420 7605
35630 28320
21545 14570
15360 18250
22520 25045
4565 3810
21665 25160
15005 22200
19515 25525
28200 33755
18435 33030
15835 9175
2525 34680
3990 18565
21390 36220
11335 19190
36125 23045
38935 13435
35950 11885
38620 19185
19975 290
38685 19335
6510 18660
35365 6395
14895 22460
9725 11015
16600 26050
33210 18620
20285 23495
23585 18260
23880 28090
7005 13340
30425 5305
5470 10755
36785 16770
38765 31965
18345 1575
17525 855
13775 9640
36580 19260
14530 25520
2985 16020
20880 21095
1195 30485
14840 36735
105 13795
23695 31040
26625 29485
20770 34900
3280 39960
15275 34320
37320 18445
19700 24800
22385 36900
19100 25190
18235 23130
3290 38870
6565 28480
36455 18695
28195 34605
22725 19330
31125 30835
5840 20170
33695 3270
26360 39725
27830 3580
14860 2745
31345 35520
11185 650
4225 27735
10700 16605
22070 28520
23940 30450
23625 1760
37885 31155
37870 32350
20680 16690
8575 7995
28130 15480
35115 7830
29620 24660
19330 2725
26035 32150
7155 38895
39005 18440
23115 24010
7960 5290
35265 16825
19765 32300
19650 14870
17480 38880
37885 36100
6300 7380
27800 17350
5280 6605
7840 24085
21845 26705
29595 30735
25675 33220
29665 34635
7425 37270
14275 25310
20510 36760
7900 6145
10615 28960
5875 32215
33230 21560
18900 27390
23875 32525
17105 845
29640 33040
39670 3125
31100 1925
20030 34315
4485 7105
36125 30425
3595 10980
7905 28875
8740 9265
38550 515
16695 19260
2350 29930
36315 4785
34090 815
20030 28020
39190 21705
23670 9965
36855 35810
5105 34420
6450 27935
26755 32925
18450 9325
24360 14705
30085 10675
27870 25670
34070 1335
6555 30575
17690 35585
14850 10290
25880 18125
27610 1385
2660 1480
23945 5165
23185 29075
28825 875
28220 17500
35330 1655
7580 18515
39360 24665
15425 2810
12290 36550
36700 21310
32405 21620
35095 23730
6240 29305
26755 1605
560 14190
10130 39895
19490 2025
7565 36665
31450 23030
29545 26335
11910 25920
15510 28860
36000 27200
34825 21575
26480 10135
2605 37200
17930 28900
9805 7125
31385 36970
8120 22180
39630 3010
22985 17410
4010 27740
30260 39775
7030 12320
9200 29125
5510 8145
28695 17215
29525 1800
11960 22725
14325 37285
22095 33400
32345 21465
20505 6425
28370 12185
2875 28255
215 25780
34570 8145
21235 38175
24265 36815
4540 5810
14900 4210
13215 7735
32615 6375
15080 3160
33675 7175
14470 36350
30830 10030
3185 19085
31230 15535
22620 8470
3585 8535
11065 35690
37030 7945
8595 12260
16985 745
2885 625
1945 18840
1820 3380
7740 28135
15375 30765
10880 28080
35625 28160
5605 12920
19715 29465
33435 23805
24160 38280
1055 26675
140 7305
32890 31440
22285 12375
10525 21435
3700 5210
4790 30665
21950 9855
37340 33640
10850 11060
26415 32775
27920 19355
35160 2675
5410 17745
5125 2315
5070 10215
5980 30125
11905 39915
12445 14840
13685 36710
945 37725
16185 3360
1130 31630
28095 27315
17980 15665
19445 8405
8490 10780
665 7970
36815 24565
20015 37665
18275 4780
23895 29115
33465 9130
26705 28990
33120 38640
29050 31210
37970 22145
17900 17865
34260 25635
23960 2870
22170 19885
10515 3010
5820 13665
12090 11290
1165 32750
5715 21840
29755 18965
18660 21530
38735 5290
31235 13630
19945 24205
1155 7215
20260 20465
22670 29180
24115 14640
33230 24775
14155 31990
23510 16760
16740 34490
15150 19400
29430 31835
19175 1590
26510 23690
16190 25605
23520 18690
12940 33005
8035 4185
36940 31920
36310 21510
38615 37115
21665 17490
16335 10525
7660 34870
23245 14635
30875 27560
25070 19685
36795 28695
38735 25475
29050 36615
37900 1185
21390 7330
5175 39755
4495 2680
36525 1110
23565 32470
20295 25380
32165 11195
36600 32450
38770 31760
33620 22645
34480 30335
23825 9325
6725 30
420 9965
31260 23945
11495 36290
31020 26630
14340 18605
6765 8620
38465 15460
3425 3740
35370 32685
30965 6195
37380 19755
3120 17290
16215 15205
37730 21375
10705 10355
21725 35950
18505 30735
1235 38975
6515 40000
19405 13280
36890 9550
6280 340
22110 29385
4875 30540
15380 11765
11740 14750
29180 30010
6895 20680
26165 34185
32620 2110
7045 16925
15865 36035
7330 10050
4405 9535
16490 32660
19335 33725
24855 16925
11295 500
32140 9445
37050 3090
36670 37055
22310 18140
34775 1830
5355 12430
9035 25305
23090 20440
14595 3055
9805 33330
22300 24935
32210 19760
3235 7680
18170 14125
18980 31915
17030 34630
34435 2780
31345 10025
30275 39235
36440 3915
22510 28755
24515 11685
6730 28430
10725 9320
19385 33330
37420 37960
2695 27570
6100 22300
10385 27965
29040 13445
31705 21920
10425 8110
1315 21480
11695 20660
6160 3145
15550 30805
7185 16705
24920 34425
4855 1045
21660 1450
35175 39440
20670 8615
6475 36615
2300 30320
37840 14165
24370 19355
21140 4890
13960 26290
11940 28170
775 1815
28200 2615
30785 13630
33080 16720
25105 13100
27265 27120
38200 9890
22925 19175
23300 38460
9245 1170
22260 38030
19790 12790
37250 24015
34435 36405
27190 22940
11570 33045
28265 1075
24305 10185
39185 39135
23775 35045
16820 36630
3470 32355
14425 14450
11370 33930
39530 24645
22525 9810
18525 4370
38095 35300
33750 2465
16430 7865
30755 28525
13440 38215
8390 34015
2490 33540
23755 6185
9490 36050
4235 30200
14135 35430
30775 1500
6765 33420
12400 30080
39230 39205
11800 19640
5985 925
38575 21530
14550 33595
30230 6345
14560 29840
39205 21325
32880 6205
25310 20885
4570 30265
34710 34475
22900 8935
34825 34740
4640 15410
34810 26310
34780 7920
34895 7115
34960 9400
11400 2565
10920 11630
3645 27705
3520 10240
3765 28430
1580 16045
895 3435
27650 13545
21785 20860
230 19065
19400 33065
35540 36195
8790 8420
16815 19070
19510 14755
9395 26485
24435 4980
31210 5630
14060 8855
22350 21750
23735 36300
6995 8080
36730 34450
36700 8315
38095 18225
34095 9805
16985 31235
36655 7000
38275 29070
15750 3775
3360 7525
38655 20350
27990 32880
32500 21925
30710 2720
29285 23460
22100 7010
8625 35930
19130 4490
26820 26235
29400 27630
8635 29505
18850 33915
17875 36105
1580 24175
9925 30130
11800 1825
7765 14680
24335 29585
13555 28525
4890 17620
2615 34290
13840 22910
16550 32835
13100 3030
8130 34370
29845 24560
2340 5855
2955 18585
8865 25755
32440 30840
35470 18305
12005 7080
9055 5805
30475 18625
19935 19175
14325 17130
30985 3830
33950 21855
19885 37950
21530 16260
18125 2075
32850 12075
5140 24555
6295 33585
27725 26170
255 3910
23385 13300
5850 10645
10425 4230
4685 38820
15690 5595
21705 15700
8400 25855
34440 22055
5280 10765
3150 25395
4420 24330
27925 35095
21240 15495
27190 25500
31530 32135
11985 32370
8805 19660
20455 630
11620 22105
27505 12240
13315 7165
6705 5345
21615 2210
13360 22665
36130 11205
35420 22190
15975 35985
13135 24055
20230 22565
14700 21895
35700 12125
17285 35210
17115 13310
37175 9220
27620 23120
29905 18245
19625 28480
33135 32315
25145 27760
39290 25835
31605 10925
32080 7785
11215 33390
12900 28875
15640 36205
35420 7130
25255 32050
13685 29610
8215 5910
20340 5540
34705 6985
7235 34325
24950 38405
20795 39910
39420 25865
14585 19080
39025 15390
7315 11620
6400 31165
13085 37855
1185 5550
9130 6525
7995 36500
85 16955
37190 29755
21055 6950
990 14720
14785 18780
13920 7195
6015 20120
8800 26150
35140 25885
5790 11660
980 21520
10325 34415
24125 12530
24030 17555
37520 22040
36995 5170
22775 2505
5820 930
27705 7350
22165 32090
17870 5760
19070 11620
2590 21740
18480 4830
16630 30100
37455 25950
14555 6825
33120 14670
32545 19010
18095 19790
32960 36070
6480 5200
25525 20300
28985 2390
14175 29495
3005 12115
6775 12145
23060 35280
32125 3770
22095 16090
31170 35575
7400 21540
12830 29335
34940 30865
11980 13015
7765 610
35905 28205
28260 19735
19970 7730
31515 36030
16405 8835
30715 26525
26740 4080
7120 7235
15460 7230
35675 24470
610 6815
5760 31600
24425 16630
33325 38150
19305 10345
21585 125
29255 35350
12525 11770
38525 1950
29565 19265
17365 14480
34925 32435
29005 15960
26210 34205
12475 7505
28120 400
29465 14840
18765 6400
33860 32525
4530 22500
185 23085
27525 39330
23775 9120
8875 20840
8200 34620
11570 15800
9690 22800
6845 23290
11535 23315
3295 7150
15150 11490
34250 22025
20760 13900
30400 32365
7335 930
23430 24475
1225 12865
15610 29475
13495 1390
15740 29435
34610 16230
35090 34465
32850 17625
420 30975
38650 25880
26315 11815
33170 35880
37300 10015
430 8830
20930 19430
21965 35
32380 26830
6130 32615
13345 39580
15310 8335
18675 840
12795 7290
26570 37690
24375 25870
1295 11185
32255 21850
5345 22285
9865 17630
17695 24185
15470 38565
13365 23965
3160 24010
11050 38770
9655 37355
19430 12960
8800 34640
23270 12900
35965 31730
18840 37745
19260 8955
32820 29040
10565 13870
24920 13115
22535 35545
13175 4395
17415 24060
39815 3355
270 34810
38475 25470
23480 19350
12360 26855
8070 17620
38900 37300
2130 26195
23395 39975
37325 14480
12315 10185
17350 10555
4965 14220
16855 15770
7710 38115
15950 26160
15435 20830
23985 17375
15290 30865
1615 855
20045 10270
6045 38905
35720 27910
17120 15225
25875 8290
32290 32415
10645 34625
34785 30345
26395 23030
27570 38195
285 27860
9125 32575
5850 9840
825 31160
38875 24445
39205 5785
940 3730
11565 25140
535 7980
34720 31845
39695 21845
2610 15250
27660 1465
24795 5445
37890 32310
2010 31220
8850 1985
18860 33230
30185 32730
36890 12080
38145 15050
14760 28175
23670 19030
8700 23175
31910 24960
34075 14970
22975 33185
31690 27480
29480 37490
39225 16255
12680 29610
25640 1460
10765 1675
17180 20995
8370 23635
38015 12700
4620 14305
39410 8445
5850 35385
15055 19040
35680 22210
5410 28125
1780 5415
27520 20970
21805 36700
35115 27505
36625 2910
31725 8885
8595 16345
15515 35590
13085 10155
22045 6710
22520 8570
5155 19535
13390 9070
28210 25100
21225 6465
5050 33935
17800 30130
34350 13310
8255 29830
34085 32005
19100 22230
32160 36985
31255 16100
37590 16825
6990 9320
21665 12880
2165 16960
37195 27360
16715 16630
8610 18250
10745 32415
16970 28770
31805 26600
3450 16485
38415 39430
9390 39235
30185 26640
16890 14270
37150 35960
36575 15690
28060 17910
11305 2255
28975 30735
29345 8990
25115 22945
7630 23495
16170 9925
3740 29615
30755 28990
35465 31790
37050 28740
28525 37065
7055 4835
14625 1380
7665 21550
23980 35705
22705 32755
12870 21035
8020 34875
4755 39065
5740 6990
10485 18150
33830 27650
10035 34600
17630 24430
4250 20035
9120 11575
32490 39075
11620 29045
22035 35905
23635 24960
35580 1730
31490 16795
7305 39950
17240 2675
38025 33080
300 1115
9840 25555
37630 9460
6640 18175
29575 9315
19635 29280
7585 5190
39290 38440
23325 11955
24950 19370
5645 1985
18130 24115
20035 11460
31830 25540
13340 19210
10905 15915
36160 25410
25265 27385
26055 4220
11890 11230
31535 4810
40000 21505
6245 30975
9315 15385
1845 230
30050 24710
9810 2105
20465 29490
23980 11850
12180 39665
12305 27595
31365 11705
5315 5580
30870 13005
32755 18960
23555 38620
26555 30780
7025 26450
8730 10000
22475 9845
37490 12790
19140 9140
10935 27190
39375 28360
18555 25285
3185 3895
7965 14760
1165 4920
5800 12545
31980 39015
32700 16025
39315 19210
38815 4830
13520 29340
12155 34570
37085 34080
20490 30840
1520 37055
31390 4005
23600 80
39240 16920
37290 25165
905 38740
35185 18320
32000 21695
17200 10820
1710 39825
80 20065
24025 8085
965 19270
10650 38485
4705 25365
29745 36045
25200 33480
33610 31000
19230 34030
31350 16830
1090 7340
22415 20470
32640 15640
37795 2440
17820 33730
22465 30815
36075 34950
10505 27985
21785 23805
8665 7235
17245 34795
2705 23340
38665 32015
34865 23620
15500 3600
9695 10920
26820 6545
21710 20510
34830 36295
8645 8700
24975 13410
16420 22010
12715 37860
19860 19520
18650 34135
14480 14820
17735 31850
6590 5150
35875 25810
9290 13875
30765 11610
23295 34145
15815 24295
28835 26415
23250 34100
26745 28295
350 34780
31960 26260
30290 7775
32280 33915
8505 19190
32780 1570
10590 33445
29480 5110
15235 23765
26930 29915
20375 24500
14860 30480
1910 15000
10780 12710
26850 9505
17350 35330
25280 14330
26520 24065
545 31345
15570 36615
15955 19070
39260 39000
18860 10740
8890 4495
39725 11135
5995 3615
4565 22075
23500 7240
11440 1485
21815 36740
18845 15070
21365 15245
10455 4805
4965 31825
34180 21275
7605 38740
485 34280
6260 12290
2040 22610
36635 4725
8990 18065
5230 15530
13735 22650
11510 29965
39625 35950
32580 38645
35245 13310
31420 6785
34025 37395
11995 18200
5050 16590
7915 12540
35285 10195
2970 28545
24315 335
10780 38600
27000 26550
7880 415
19900 17815
20095 1450
30465 38490
2265 16380
36385 27850
22215 39855
6135 34900
11285 19660
25900 14995
7390 16875
37130 11820
37620 2390
7115 21215
24580 27900
18260 28455
33870 1615
9705 36005
20820 12645
23595 1625
27255 33885
28815 20955
180 4765
9680 9930
5740 3580
36050 36680
20525 10655
30575 6055
19235 11760
15490 35420
19370 25770
28690 17095
26455 24390
33340 17655
36835 24680
19435 6725
21575 6355
20860 32765
38025 32190
11040 31960
14270 16025
22095 29225
31940 6705
32095 4930
14835 30805
645 19740
6320 29550
32645 34480
19035 4200
9470 18685
24565 17330
18415 13500
33070 8825
5145 1785
3950 225
12385 31365
1705 24020
18455 8270
17620 30290
33490 29805
24355 6735
26515 12320
31115 30490
5680 24665
6405 25585
35060 21430
18670 21430
15720 16030
20655 36985
37650 3335
1135 27990
3835 39680
28775 26475
36815 7020
6680 35565
9065 27465
37435 35225
31895 25215
34605 11845
28690 22630
35820 1895
23160 11320
17220 6345
21210 35995
15675 35865
15690 23940
26445 23355
17635 35900
28770 5725
25720 3530
14285 17875
21455 4170
21160 39950
6430 26300
29985 23095
30625 775
14750 30725
1250 29060
29075 22825
25265 9605
19015 36190
36220 6560
36520 12980
23185 26535
35205 19140
460 5205
18280 12785
32935 26700
4905 19415
11870 20825
12980 5675
20200 34810
5830 14930
10135 5360
11135 21190
25530 14495
19545 7765
17020 24710
22870 14615
16895 30280
23790 4230
39865 38190
28695 32545
26600 8480
14555 8450
30175 26410
9135 25705
8505 25530
25870 35175
24015 36890
37680 6635
37060 32130
5600 7360
23850 11170
36845 28425
39350 28120
30875 10760
5215 22510
25110 20165
190 10970
32285 6275
5215 36905
11855 11140
21380 22035
33190 9700
15425 28000
16195 14915
19730 32265
30240 12395
17605 32290
25025 31655
25055 20320
17165 24380
17100 31045
15555 28055
5140 7430
37095 22350
7305 39320
31265 6400
15565 29315
27910 28590
1470 38870
29830 14145
18030 38315
38000 3410
30630 37955
21435 22785
28260 415
35275 22180
10830 22375
29805 23050
2575 23500
39240 21680
2925 21280
31065 23540
32510 2350
11845 19540
37760 85
16250 36710
15605 13245
535 33870
14130 3310
3470 18790
26405 2750
9505 1940
5195 34315
8410 12330
4715 25230
19640 30185
35390 22005
15725 25890
11215 715
39675 11325
13190 7040
2910 27055
26835 27710
4335 500
19745 9905
4095 36880
37625 11665
19800 33090
26185 35955
19860 21655
7270 3990
24420 36540
31245 15810
3940 15030
35300 16020
25080 18600
16160 8840
30880 3580
25405 2100
19050 21510
22600 35665
20890 31615
21770 29115
26570 34510
34355 20075
18715 12120
32410 28650
28765 26105
6865 33275
3110 32095
2485 4055
36610 29670
23725 9190
5280 1225
280 20960
28175 35900
37770 16305
39555 10685
32185 15180
12055 15330
31070 33430
35720 5995
36250 13120
23010 32640
6705 19550
17450 18760
37015 24505
27510 33180
1010 33230
975 27760
17565 16710
1640 35220
28185 37495
15100 13435
20515 26860
5045 15980
13035 37935
34000 11410
39820 33270
33800 18195
20740 16235
11295 21950
3280 550
5200 28145
36460 1375
38650 12665
33410 18495
24610 39485
24310 11515
8545 3190
27040 1840
33320 20515
9655 27970
9120 39200
5605 25255
15550 12615
14610 22270
27015 38305
20730 28795
12685 37305
5700 33340
19770 26490
15260 16490
23630 37220
5650 12840
5930 39495
9675 8465
8395 9620
19900 25975
10885 4405
5300 30650
35865 14805
13460 20510
35250 50
7120 12995
25915 36475
35455 37715
31675 2515
1320 38745
25115 18955
23385 22085
3205 37760
3965 5065
10430 5200
24020 15945
21335 13165
9190 16920
31725 12610
8500 15440
10120 11325
16805 27940
31800 31160
23480 625
28170 5720
10755 16710
21855 8035
17345 7755
24970 3735
39085 25660
12300 33010
10960 17780
30400 1180
14670 850
6075 20080
14125 5235
19375 4705
32405 300
12035 14210
7010 9265
13140 4970
29485 17410
2325 35395
1710 25295
24565 38365
12165 37700
8700 2295
23635 24395
39965 555
11270 7320
27005 1210
17465 29725
5990 4340
27830 22750
15350 5630
37875 24560
22520 35985
4500 39325
9760 36525
7705 16100
1415 22505
14045 35820
39440 30140
13530 24295
20970 14440
21815 20935
37880 19195
16185 14880
3575 6235
35885 17260
485 20785
16175 12195
25300 10160
9205 13290
26000 15840
32550 4865
36285 8660
28595 32990
3020 14735
23255 17170
36890 12920
4465 25485
18930 2180
17365 16965
8780 25505
3690 36710
33260 19620
21755 4075
30800 24600
13720 38840
755 16120
19060 3595
24945 30670
36665 30105
38055 20350
8325 21050
12030 15535
32795 29910
6620 10250
5085 14945
7785 70
3420 31870
10965 32565
27310 710
11640 13460
22265 26515
1345 11755
11760 14905
20050 3330
35990 31690
20400 28045
3215 11165
33350 25435
1455 13735
14720 20365
7610 35015
38650 15800
34830 13080
24080 23975
33530 14155
35850 12805
4140 38750
6040 16345
4160 31810
16255 18525
29435 4960
19985 10495
7610 5820
15160 5090
15330 15840
32560 16575
17525 38075
14125 18715
33270 33130
29625 39025
1820 21590
14290 2855
37995 18880
17200 18395
16545 15
13820 26335
13160 36195
37875 34065
31710 6840
31715 1485
25160 915
19185 17215
15040 11005
14765 22940
17975 17995
26850 37015
35305 32850
29270 35740
19895 30875
4380 38995
19620 33405
28960 29815
1530 32785
29310 26280
18840 16340
1930 33945
27210 37745
15950 26170
12475 25990
30075 32210
21555 27350
38540 28295
31595 30945
29330 16050
38160 5240
31225 39630
16080 21730
1895 2975
17110 900
30445 19240
25125 31270
7255 20910
13680 37700
37950 13635
14295 8220
34370 6950
5980 37420
27965 33675
12575 18505
15715 13715
14455 29900
11635 24675
33170 9225
25815 11375
33855 32150
18285 12625
4560 28040
37400 21040
35805 10430
8030 12980
3095 33280
32750 1550
14570 33170
24755 17545
19570 13530
8310 10425
16180 35775
9350 34910
28015 3705
22235 8995
20650 27940
37055 21485
13995 27215
34115 35605
22460 1810
3165 18040
9110 32290
4060 26440
23595 30020
32180 8035
18910 34810
245 21570
4785 28705
36890 27035
2910 28120
10455 29590
30555 19395
4410 1225
27980 32595
10455 35070
26190 7270
16530 29365
21925 26130
2380 31330
17550 1785
15205 520
985 16690
27290 9130
15615 31565
26190 39490
570 13385
24165 14750
26190 980
17360 19840
4820 33065
13780 19570
12245 23765
5780 24420
6610 10145
4420 28555
12315 16140
27690 29905
13715 9675
37990 36860
12405 2760
22345 14055
8385 1745
25280 10250
14075 5255
11410 36355
35920 29245
15380 12245
25255 32815
560 38220
39175 23345
28675 31225
6110 14035
75 10440
31505 34250
16075 8285
2465 28720
34700 8575
5140 10210
8675 16060
21060 14690
10895 37330
11805 18235
32355 24285
4220 12070
24900 4510
34410 16135
16065 21280
27980 32565
15300 20030
29660 38415
15220 18910
21425 11475
8645 13845
26110 35950
17120 32925
24545 37920
39625 31295
15560 13630
8210 4735
14495 35700
22950 15260
38395 17170
9900 23845
2770 37115
2950 12300
36565 5160
34450 23730
12010 15775
13395 17970
7500 21450
32305 695
27995 9935
25465 39755
835 35720
5520 19920
18300 11115
720 15410
18305 39680
31390 38605
24770 455
36885 26635
25770 5030
24795 29495
27985 19790
12660 26025
28675 34250
13825 4145
27220 30420
1335 33635
23090 2875
31765 20775
18405 30310
22670 13785
895 21685
22915 8635
28125 4720
15175 8130
13300 28470
21625 3100
29725 2590
16455 27295
27630 38650
33035 31360
38170 28785
6515 9920
27200 4465
6670 15985
430 24815
16990 6200
9775 39095
7210 29325
35700 26030
980 14950
24260 3195
6180 33450
25020 29225
39775 20050
35865 8820
1360 13170
19765 2780
20235 430
26130 9480
25090 39070
12745 3000
18565 38810
8525 27700
21765 14655
9725 25570
1305 29925
22415 32925
10110 11045
30800 29260
18440 35990
23970 16490
25700 13120
17970 37545
19365 6055
820 30375
4775 5250
16235 2125
28200 2650
30065 16320
22800 32970
32935 30525
1135 23770
10540 22150
6700 29610
21890 28500
39550 11230
950 25415
5950 3265
5920 33725
31600 21945
38735 17365
11985 23845
35635 4035
15430 12970
3085 4390
27805 22610
29560 6440
9700 7270
26665 10715
22990 18015
1955 13970
4775 31700
3555 27155
22150 17115
35590 33600
28840 39425
8245 2560
31620 16960
22770 39865
27130 27140
7005 31005
21450 17035
9310 25745
3090 8590
26300 15400
34665 33895
33120 29725
13935 25720
17235 20120
38905 3200
20875 36175
15240 36885
23890 30425
1845 13760
3320 13330
24510 33265
36295 7690
35545 33700
3815 29915
39565 10520
37920 28065
11135 38380
36730 32550
32135 26645
31095 23490
26695 1890
14700 9505
11295 24600
35940 33665
27115 12975
37090 20120
32095 16060
17170 1665
38550 1770
23045 8610
33420 21715
10780 29175
35575 30035
37050 8460
33355 23350
19620 20735
14680 28080
24095 34605
21200 21195
39280 9360
35775 11920
32265 26265
4790 2290
15685 125
16480 38090
27000 32590
16485 21810
16530 7715
39820 35135
18165 7045
33705 5015
13160 2660
21390 7585
15050 16485
18055 23640
18780 170
6470 7620
22785 7305
20590 19805
23680 16575
17185 12825
25055 22385
2800 34540
11060 24070
4900 35650
29020 6210
23990 36970
385 7415
3825 8290
6255 21065
15970 5110
12200 5770
31570 10060
31305 37915
34280 35375
4450 12075
28530 10325
25990 8390
310 23400
31950 17425
20590 21875
28065 12010
20905 19090
31075 33940
5055 390
39370 3960
34165 23005
15875 14080
36820 8410
15095 2420
23075 29045
6565 26745
33815 25480
20310 31265
16890 33375
11650 36060
820 23095
29100 38595
39640 28915
1780 30160
17425 13905
2595 8310
9720 1005
2905 25765
6650 33065
30230 2565
13160 26650
15670 3085
39045 39425
28520 23565
34175 22675
10355 205
6310 13235
17560 18965
15855 2470
20740 30760
25190 4455
31560 13195
24680 22345
36485 12960
21690 19205
29585 8300
13915 21065
39510 33535
22830 7765
22625 6120
315 19540
27420 3600
4355 5985
14935 23360
16780 17800
33505 27970
35860 23590
19135 7060
19275 35055
20130 2935
28790 30070
4475 17920
28865 31250
16235 4140
890 38700
24305 860
25190 37505
3330 26455
36165 32195
5390 3480
30985 4340
21185 17855
31855 22330
32180 27550
5770 12225
35895 1575
39125 7500
12920 36325
33820 2815
23010 14030
14245 26590
32775 15580
8385 2410
2475 1990
16610 10785
18055 32105
10535 14895
37865 39480
2080 19280
36870 26145
36940 13850
25880 21385
38575 1185
11070 7175
38680 1195
33910 7535
18795 10930
22725 9165
15265 39405
19760 13710
32605 29610
14345 27640
3120 28055
36100 14350
18470 16365
4170 20190
21995 15455
30595 23035
5370 1630
2495 20245
38300 845
22885 3355
18760 9925
29110 18995
18360 16095
26240 22885
9235 12620
30515 37090
8295 2495
31885 7970
36985 23510
13385 10020
230 2095
17385 27500
13430 21990
30960 38270
6930 23215
945 26375
21475 32520
32835 1270
31375 28455
29595 5395
23000 24690
36515 2135
22345 18040
2160 3105
9035 27025
37870 16140
2455 21345
5560 14010
11870 31695
5425 21215
18495 3900
28405 36185
38155 6915
22840 30025
15600 19890
37990 9415
16155 25930
15450 37780
34850 7755
5035 39595
4420 36025
15560 33805
6550 10565
32595 27245
36350 22240
4545 19285
34600 12080
14230 15040
8870 28160
6665 12995
26140 9200
35420 12080
28800 28910
7720 30160
18810 25625
15415 26560
24145 14500
35530 14020
32180 27090
26430 30015
24125 6570
1465 15635
29830 6285
10160 34180
25780 17890
33510 5285
30885 13925
7705 10555
21080 4635
3460 1890
35620 14380
35345 35690
35535 17135
32965 3880
11130 10310
38460 28995
7380 23235
12560 635
17335 24185
5110 27210
22235 13340
17520 10520
17525 3770
27155 8265
38665 410
19925 13135
3670 38640
3810 1740
5545 3680
8700 4705
30505 23265
32680 10580
39875 13670
21790 11885
31205 23805
34355 33175
23895 27080
37675 4015
11035 21625
35570 1145
22020 17455
18465 28295
2745 15100
3035 2500
28425 1160
39215 7825
25285 17060
36850 20535
29615 37845
15195 15685
1235 32415
37245 31505
10010 35690
23650 4080
35815 30455
27135 1120
38495 28280
19045 32575
19425 15545
3475 36665
12790 3290
17345 15875
33650 20180
35450 17010
10575 6835
31450 22415
17640 30720
15910 7325
39550 26730
6795 26370
24025 31195
30265 32210
12610 31595
10595 36210
4725 36425
5615 19235
11465 35420
18460 33195
11285 7925
16050 31040
16650 39420
28270 15660
9080 27690
6640 17625
33300 11845
37090 11830
26095 28285
18220 3740
30705 36830
24005 2285
7050 1145
10790 33185
22710 1910
31720 39585
26675 23600
32230 19720
2430 14635
28825 20305
24485 10745
5585 21600
29460 35090
16005 33855
19845 3325
32160 38525
16485 16015
5965 13775
7320 18770
27380 23860
7000 27860
15615 20505
13070 15030
33800 20720
10315 25925
30605 25260
2650 38590
18505 23505
1570 8915
34945 20755
29970 1190
21420 15960
22370 19705
3145 20025
5585 23110
4880 32285
17480 13870
14420 9685
29530 13695
9475 13550
5185 16735
1415 12160
17345 32030
11735 210
32105 36365
31845 30430
22945 9375
21740 23105
27010 6095
17570 4670
35285 9290
18780 20835
12970 25955
31340 30415
25075 11545
16885 11505
30955 34255
1555 10110
26365 22425
29715 16520
21740 25630
1245 38670
33930 2800
13915 14725
9405 23405
34775 26850
1125 12945
39385 21610
23440 21330
21460 22880
27935 20795
25050 9460
27590 20865
4795 25300
20540 8320
26160 26660
30725 2640
20595 290
7210 14705
23660 27850
5745 19305
26435 14575
30265 5455
31340 28975
22525 2705
36600 31870
12720 9870
30930 38395
240 20530
30645 16905
32875 38615
16235 23150
39245 12905
7270 37860
22945 5275
13820 25800
7585 25900
6385 31390
32500 28310
3390 35840
25250 13285
16640 30025
245 13275
30965 30315
14315 3760
20015 22955
35125 21850
20245 28985
27070 6285
15950 26300
26625 5795
8950 30055
11460 1505
15305 30895
33350 1630
28645 31275
20240 18735
2685 33610
20045 20585
26570 27685
16195 13795
22420 36140
34690 36765
34150 12300
16610 2720
32075 8150
37580 36215
6825 27825
29325 14000
36895 11905
32420 3335
11935 34850
4670 39230
29625 28505
8370 18625
11365 2830
39735 11735
12865 25645
28170 4270
33525 30260
12295 22190
2750 5430
14305 33630
16715 27335
3235 20005
8550 2840
38265 20735
24425 21100
13660 11645
885 37520
22660 11930
3685 28455
29240 17805
26215 2800
26320 15595
13065 6760
27745 12820
11160 9205
9420 38400
14830 25795
13555 1435
27870 14255
29665 14060
19270 6735
4290 26880
6865 14590
11940 34085
18900 15630
20005 4150
725 35990
29080 18375
23870 26210
32330 9430
39535 29735
5740 8180
30225 37730
27815 14165
11645 27870
3515 22520
35175 6875
35600 3640
24940 37000
26150 14445
16900 26375
11085 27980
16595 25235
15165 23385
12555 29035
38725 32150
8470 34755
6360 25305
30605 19505
13780 25400
35375 5920
4725 38220
34560 6630
18745 14165
2805 39485
24440 31135
24355 10475
35520 20820
30755 5915
15720 24525
22000 34405
22095 11760
2700 39650
8910 39805
940 27200
460 6240
36735 10530
13465 30305
31650 25010
14920 23260
7255 17865
39680 17380
17700 21195
32985 18560
3135 6475
7260 9750
34575 13200
6235 13910
38755 36480
25435 13395
9210 8495
21830 24175
12120 30180
10675 29945
8465 32615
135 17540
4235 39355
19680 470
5145 19310
19005 25940
35695 1135
4895 15445
10040 3360
37480 29970
27680 26545
1585 17450
17605 17590
9690 10
1370 10975
34380 16965
11255 33735
35820 32400
35450 7285
13645 15665
12690 5425
8715 37975
27795 34620
27560 34600
34170 8760
35650 39830
8655 1400
39880 6340
30920 35000
18960 13715
17810 21150
17690 25435
34040 15280
35365 19030
31140 17975
11185 21580
32975 19470
15280 18455
22825 9300
21365 11460
39045 38685
290 4650
25570 19540
24310 30105
4070 33070
26730 15330
21115 1995
35420 13620
14925 795
12305 24400
33375 34935
11170 18870
27050 2950
2565 12965
1510 18250
6430 2705
1840 25575
34975 4790
9715 35195
25825 15685
32745 21910
9875 23750
2505 27765
8390 1015
30300 9675
38130 2420
9295 23295
4960 3640
36565 24750
27255 26965
6655 15010
1690 4200
37695 27360
38615 2340
4710 10335
19350 28825
26580 32015
28455 38335
38315 14125
16970 4420
23055 3835
25860 24185
23180 33210
34680 13240
23155 26815
35550 14650
34695 27490
25285 39730
810 36160
31080 23120
28090 17010
8485 13375
39565 11210
19695 35685
34035 26810
28855 38895
3040 1335
28300 39230
4820 31900
9735 24060
17520 38815
33245 34725
36820 9085
8735 30565
38685 18070
24205 5730
2230 7900
33615 4685
2075 1280
8185 27565
5585 27055
7660 22305
35050 3755
28285 20810
11305 1815
32760 31155
23145 39635
11735 23450
11870 1640
26310 8755
37355 35715
14795 31460
23890 9915
31845 8900
22635 5010
20195 34300
33745 1010
30460 28280
31870 8890
10390 7870
21850 1615
35905 15580
24880 35420
21800 30685
29590 14085
21660 27270
14305 7535
18380 16755
14765 150
8825 4155
21925 10725
1280 8025
25675 35395
36555 32710
7950 19545
37135 19335
12045 23790
23615 3610
14170 30490
13900 28550
10120 14460
36160 4150
33720 12280
39240 30210
5340 21965
37940 26690
960 30035
26015 20955
19020 4895
23785 29625
38405 8470
1890 31360
15000 17215
21680 17715
39220 15155
13130 37625
31840 10160
25785 10870
7350 33045
24020 23620
28355 22840
12345 27135
5790 7370
16005 34505
215 18900
11030 25745
9690 2100
37790 24200
11505 23920
11425 19965
8360 14805
29230 36450
32390 35785
440 33945
7490 21765
31865 21725
22640 19870
36620 31965
34835 38420
10785 2325
31475 8835
2950 6910
36360 34895
19740 4765
39745 32970
14245 14590
39070 2160
32935 7580
39755 25865
25080 12350
13955 17625
27845 11535
28185 9410
28935 17985
22465 12795
27490 11280
17710 39690
18985 11580
11670 5320
18930 2755
14235 8915
22595 33335
800 15430
17615 23815
2505 26055
13755 28365
34900 1690
11365 26030
38745 11545
31950 26620
5150 21015
22130 1865
36985 115
7550 12550
31910 21450
19975 20200
8150 7430
22235 15220
16785 415
29870 32110
26050 31025
20315 22570
2515 17275
27190 37835
5495 33330
28540 39510
31685 9000
4860 36955
19455 22320
7490 31430
23685 39825
8815 12195
23755 36320
26895 17380
1035 27280
21565 12430
12320 36210
24750 16400
25610 3610
1460 32125
10405 8535
14450 17850
3460 23655
2385 25120
38535 26030
4045 21905
15450 4585
31130 6585
27415 37550
29505 10245
8555 39935
20465 13140
26990 3635
2835 11515
20800 20865
120 38345
15210 30195
31680 9560
6195 29010
27025 26115
3935 19025
8345 39295
30050 39900
19700 2780
16275 830
34995 3455
15670 265
15770 14865
20045 4205
26320 23500
27670 1185
7565 27080
15445 37310
22140 19415
345 29705
480 6365
36965 14280
11515 28435
36670 13350
24390 4120
36200 23990
11530 29240
17940 36125
23390 22155
21335 5105
7130 7615
36095 27055
14100 38905
33820 13295
6045 13760
2140 38575
2830 7345
25835 17775
13480 29990
6135 38345
2920 18990
27010 22505
39755 33880
23725 39265
19695 11215
16400 11750
615 23260
3970 33790
19870 37010
3560 12085
37750 34410
18675 28285
39795 8535
35495 11295
39645 1515
12695 10640
18605 14155
33765 32305
35520 6400
10895 12785
22705 22185
13835 36240
39895 11995
21730 11735
32465 36950
33270 39930
1735 23110
26290 14015
21800 6960
23805 6020
15585 23535
25065 27700
27410 26140
17140 22000
2610 4505
16900 3695
10775 22055
3980 15465
7405 23310
21065 1600
17690 6290
27355 27245
18995 28615
34220 21935
12235 24120
4030 29570
33265 37555
37880 9790
3490 28230
21660 10615
6360 14310
7980 8455
27885 28870
27370 6340
26015 27875
17680 22955
36195 39525
17995 4645
17465 24000
16715 38095
22780 10550
33415 18425
15770 21400
980 15185
14290 6675
22325 2670
12260 30055
34625 33110
12185 18025
7855 36010
4955 37580
36290 9400
11670 29485
28670 4175
20660 9370
9840 27980
14375 14015
3900 19550
34585 23790
39840 9275
16585 21900
15130 25895
34680 30960
30395 37050
13980 16415
24645 3935
8875 29930
35855 9730
22570 2860
13250 35715
19190 9280
15740 3990
11505 34375
36815 1130
30320 17355
36070 16880
25620 34055
14640 7805
3370 1055
13475 24090
39570 31470
25585 6110
37725 27020
3765 3780
14330 12740
18020 39360
1305 18225
13465 12510
5865 28225
26335 34505
13430 28260
31390 25575
23630 29205
24355 12105
22420 21775
27275 16210
29670 36925
11595 17280
31090 20675
38410 475
30540 32285
12830 36945
36685 35980
32955 21710
280 15625
16210 2800
20600 5535
38185 5210
38880 37615
21555 31045
22055 4870
34510 16500
12595 13735
435 27260
24375 7850
18430 35800
24275 19090
15885 1215
32170 29415
2355 3730
11720 17900
8735 24165
38775 17490
30235 35570
28940 16640
37675 19415
6405 27035
6880 29470
4485 29455
20005 10790
22705 2675
5465 3000
32705 285
29400 20745
4085 38635
14875 8300
39905 18165
28700 25830
3100 19635
1925 15505
38840 38770
19215 38740
26420 34765
35445 29530
6925 12770
12010 36045
30765 37400
11420 12570
820 10585
2990 10775
39170 19965
29785 19350
27485 35160
32800 13425
32710 13890
4420 3795
21655 35925
10670 9555
31400 7345
18285 30440
13635 11520
13015 23865
4010 700
34795 4930
31885 16550
12360 29935
13665 39765
5240 13195
35100 3955
21325 8720
14845 18715
14030 28040
16970 20580
38040 33800
19240 33910
29980 17495
30560 5420
25165 36860
39695 13960
27930 13930
3765 31795
22050 38155
28520 17495
14255 32585
26950 7085
14865 37425
24320 31135
39280 13540
27630 13535
9735 1290
23585 20960
36855 4820
4950 31860
12555 910
17720 19465
25730 36210
6855 5245
28590 8785
39075 21210
7275 18200
3155 12630
31605 12265
24075 27510
39670 30270
27560 37740
5970 38245
7415 1705
14690 39445
7720 6170
31025 34770
7440 36150
32240 39175
30985 16780
15790 4455
36715 38825
24645 1285
38570 36150
15565 32610
34070 18730
28415 36850
28010 14440
26640 18290
35435 7645
12735 2130
285 23600
14605 30810
3360 11795
28495 16095
33465 39185
22270 38115
9435 38655
12135 18310
6645 14965
17010 27350
26945 34130
1305 12440
5155 14600
23500 35635
25960 28385
34340 5410
32045 34675
19050 10060
6015 7715
27570 22965
26365 10310
11475 6410
30395 37165
13230 1000
25840 25435
22030 36430
4645 33810
23845 1145
10765 14725
32505 24180
36160 16145
34740 36445
37055 11170
22305 22225
22875 14810
38130 15400
30730 35990
30340 31075
18915 27270
32775 22400
3695 13395
30835 8645
8885 11005
3325 31135
1830 29590
36995 26965
39340 29740
38120 16825
20260 34045
19600 26045
765 14145
34760 32105
5550 38745
3300 33480
37745 15975
34295 17930
29305 19545
9285 30090
20120 14440
1100 32225
35070 35165
4100 30165
20345 14820
37310 13415
27860 2945
495 32345
35755 32955
31605 37385
21090 10530
37035 23835
15800 32520
915 23740
32525 13655
12455 16575
550 13350
5075 21415
39880 39860
13290 10390
19495 30160
23910 24735
21935 4620
25905 37035
34105 3715
1825 23685
4395 8790
14640 29120
7545 39335
18565 20485
17265 1210
20685 9290
39615 10085
25260 37390
18240 12840
7125 45
6140 1285
20655 1445
23950 31335
17530 2950
36330 7645
19555 20255
2825 10745
36185 7570
26525 17620
21050 16980
27940 12105
33305 20225
21950 17410
32835 11640
20250 20380
18800 17745
