INFO-PC
Modo(s) operacional da CPU:32-bit, 64-bit
CPU(s):                16
On-line CPU(s) list:   0-15
Família da CPU:       6
Model name:            Intel(R) Xeon(R) CPU           E5620  @ 2.40GHz
CPU MHz:               1599.656
CPU max MHz:           2401,0000
CPU min MHz:           1600,0000
NUMA node0 CPU(s):     0-3,8-11
NUMA node1 CPU(s):     4-7,12-15
Thread(s) per núcleo  2
cache de L1d:          32K
cache de L1i:          32K
cache de L2:           256K
cache de L3:           12288K
              total        used        free      shared  buff/cache   available
Mem:          72476         849       64287          17        7339       70819
Swap:             0           0           0
----------------------------------------------------------------
file,N_THREADS,CHUNK_SIZE,n_obj,max_weight,max_value,time
mexp10000-1000,0,0,1000,10000,226065,0.019447
mexp10000-1000,1,1048576,1000,10000,226065,0.023163
mexp10000-1000,2,524288,1000,10000,226065,0.022878
mexp10000-1000,3,349525,1000,10000,226065,0.027070
mexp10000-1000,4,262144,1000,10000,226065,0.027120
mexp10000-1000,5,209715,1000,10000,226065,0.024717
mexp10000-1000,6,174762,1000,10000,226065,0.030637
mexp10000-1000,7,149796,1000,10000,226065,0.026925
mexp10000-1000,8,131072,1000,10000,226065,0.033224
mexp10000-1000,9,116508,1000,10000,226065,0.032679
mexp10000-1000,10,104857,1000,10000,226065,0.031997
mexp10000-1000,11,95325,1000,10000,226065,0.030977
mexp10000-1000,12,87381,1000,10000,226065,0.033649
mexp10000-1000,13,80659,1000,10000,226065,0.029001
mexp10000-1000,14,74898,1000,10000,226065,0.035394
mexp10000-1000,15,69905,1000,10000,226065,0.030228
mexp10000-1000,16,65536,1000,10000,226065,0.033573
mexp10000-1000,17,61680,1000,10000,226065,0.066433
mexp10000-1000,18,58254,1000,10000,226065,0.070073
mexp10000-1000,19,55188,1000,10000,226065,0.071755
mexp10000-1000,20,52428,1000,10000,226065,0.073391
mexp10000-1000,21,49932,1000,10000,226065,0.075320
mexp10000-1000,22,47662,1000,10000,226065,0.077347
mexp10000-1000,23,45590,1000,10000,226065,0.080560
mexp10000-1000,24,43690,1000,10000,226065,0.083562
mexp10000-1000,25,41943,1000,10000,226065,0.085956
mexp10000-1000,26,40329,1000,10000,226065,0.086984
mexp10000-1000,27,38836,1000,10000,226065,0.089153
mexp10000-1000,28,37449,1000,10000,226065,0.092949
mexp10000-1000,29,36157,1000,10000,226065,0.095316
mexp10000-1000,30,34952,1000,10000,226065,0.099541
mexp10000-1000,31,33825,1000,10000,226065,0.099969
mexp10000-1000,32,32768,1000,10000,226065,0.103561
mexp10000-2000,0,0,2000,10000,352495,0.035857
mexp10000-2000,1,1048576,2000,10000,352495,0.040351
mexp10000-2000,2,524288,2000,10000,352495,0.047945
mexp10000-2000,3,349525,2000,10000,352495,0.054919
mexp10000-2000,4,262144,2000,10000,352495,0.050299
mexp10000-2000,5,209715,2000,10000,352495,0.053488
mexp10000-2000,6,174762,2000,10000,352495,0.055605
mexp10000-2000,7,149796,2000,10000,352495,0.056328
mexp10000-2000,8,131072,2000,10000,352495,0.063915
mexp10000-2000,9,116508,2000,10000,352495,0.064105
mexp10000-2000,10,104857,2000,10000,352495,0.059966
mexp10000-2000,11,95325,2000,10000,352495,0.056212
mexp10000-2000,12,87381,2000,10000,352495,0.064272
mexp10000-2000,13,80659,2000,10000,352495,0.068445
mexp10000-2000,14,74898,2000,10000,352495,0.058851
mexp10000-2000,15,69905,2000,10000,352495,0.063488
mexp10000-2000,16,65536,2000,10000,352495,0.060586
mexp10000-2000,17,61680,2000,10000,352495,0.132500
mexp10000-2000,18,58254,2000,10000,352495,0.138722
mexp10000-2000,19,55188,2000,10000,352495,0.143399
mexp10000-2000,20,52428,2000,10000,352495,0.148116
mexp10000-2000,21,49932,2000,10000,352495,0.152289
mexp10000-2000,22,47662,2000,10000,352495,0.157510
mexp10000-2000,23,45590,2000,10000,352495,0.163569
mexp10000-2000,24,43690,2000,10000,352495,0.166812
mexp10000-2000,25,41943,2000,10000,352495,0.172528
mexp10000-2000,26,40329,2000,10000,352495,0.181212
mexp10000-2000,27,38836,2000,10000,352495,0.180416
mexp10000-2000,28,37449,2000,10000,352495,0.185863
mexp10000-2000,29,36157,2000,10000,352495,0.191654
mexp10000-2000,30,34952,2000,10000,352495,0.197484
mexp10000-2000,31,33825,2000,10000,352495,0.202908
mexp10000-2000,32,32768,2000,10000,352495,0.208587
mexp10000-4000,0,0,4000,10000,511625,0.069522
mexp10000-4000,1,1048576,4000,10000,511625,0.083094
mexp10000-4000,2,524288,4000,10000,511625,0.083485
mexp10000-4000,3,349525,4000,10000,511625,0.095590
mexp10000-4000,4,262144,4000,10000,511625,0.097160
mexp10000-4000,5,209715,4000,10000,511625,0.104918
mexp10000-4000,6,174762,4000,10000,511625,0.109299
mexp10000-4000,7,149796,4000,10000,511625,0.107999
mexp10000-4000,8,131072,4000,10000,511625,0.117400
mexp10000-4000,9,116508,4000,10000,511625,0.114432
mexp10000-4000,10,104857,4000,10000,511625,0.136173
mexp10000-4000,11,95325,4000,10000,511625,0.128727
mexp10000-4000,12,87381,4000,10000,511625,0.132898
mexp10000-4000,13,80659,4000,10000,511625,0.113967
mexp10000-4000,14,74898,4000,10000,511625,0.132358
mexp10000-4000,15,69905,4000,10000,511625,0.115868
mexp10000-4000,16,65536,4000,10000,511625,0.115891
mexp10000-4000,17,61680,4000,10000,511625,0.271661
mexp10000-4000,18,58254,4000,10000,511625,0.278378
mexp10000-4000,19,55188,4000,10000,511625,0.288422
mexp10000-4000,20,52428,4000,10000,511625,0.296726
mexp10000-4000,21,49932,4000,10000,511625,0.310002
mexp10000-4000,22,47662,4000,10000,511625,0.316963
mexp10000-4000,23,45590,4000,10000,511625,0.326331
mexp10000-4000,24,43690,4000,10000,511625,0.330797
mexp10000-4000,25,41943,4000,10000,511625,0.343458
mexp10000-4000,26,40329,4000,10000,511625,0.354068
mexp10000-4000,27,38836,4000,10000,511625,0.363421
mexp10000-4000,28,37449,4000,10000,511625,0.374199
mexp10000-4000,29,36157,4000,10000,511625,0.384091
mexp10000-4000,30,34952,4000,10000,511625,0.396928
mexp10000-4000,31,33825,4000,10000,511625,0.407799
mexp10000-4000,32,32768,4000,10000,511625,0.419436
mexp10000-8000,0,0,8000,10000,731100,0.136613
mexp10000-8000,1,1048576,8000,10000,731100,0.161326
mexp10000-8000,2,524288,8000,10000,731100,0.189262
mexp10000-8000,3,349525,8000,10000,731100,0.182192
mexp10000-8000,4,262144,8000,10000,731100,0.190784
mexp10000-8000,5,209715,8000,10000,731100,0.210874
mexp10000-8000,6,174762,8000,10000,731100,0.213230
mexp10000-8000,7,149796,8000,10000,731100,0.223457
mexp10000-8000,8,131072,8000,10000,731100,0.214041
mexp10000-8000,9,116508,8000,10000,731100,0.225805
mexp10000-8000,10,104857,8000,10000,731100,0.233825
mexp10000-8000,11,95325,8000,10000,731100,0.242486
mexp10000-8000,12,87381,8000,10000,731100,0.225642
mexp10000-8000,13,80659,8000,10000,731100,0.238591
mexp10000-8000,14,74898,8000,10000,731100,0.225718
mexp10000-8000,15,69905,8000,10000,731100,0.227893
mexp10000-8000,16,65536,8000,10000,731100,0.227454
mexp10000-8000,17,61680,8000,10000,731100,0.539086
mexp10000-8000,18,58254,8000,10000,731100,0.552008
mexp10000-8000,19,55188,8000,10000,731100,0.569708
mexp10000-8000,20,52428,8000,10000,731100,0.593508
mexp10000-8000,21,49932,8000,10000,731100,0.617109
mexp10000-8000,22,47662,8000,10000,731100,0.626596
mexp10000-8000,23,45590,8000,10000,731100,0.655087
mexp10000-8000,24,43690,8000,10000,731100,0.669489
mexp10000-8000,25,41943,8000,10000,731100,0.696187
mexp10000-8000,26,40329,8000,10000,731100,0.705310
mexp10000-8000,27,38836,8000,10000,731100,0.731325
mexp10000-8000,28,37449,8000,10000,731100,0.750033
mexp10000-8000,29,36157,8000,10000,731100,0.772345
mexp10000-8000,30,34952,8000,10000,731100,0.790672
mexp10000-8000,31,33825,8000,10000,731100,0.808845
mexp10000-8000,32,32768,8000,10000,731100,0.842647
mexp10000-16000,0,0,16000,10000,1007580,0.269910
mexp10000-16000,1,1048576,16000,10000,1007580,0.314705
mexp10000-16000,2,524288,16000,10000,1007580,0.358818
mexp10000-16000,3,349525,16000,10000,1007580,0.413367
mexp10000-16000,4,262144,16000,10000,1007580,0.372229
mexp10000-16000,5,209715,16000,10000,1007580,0.412673
mexp10000-16000,6,174762,16000,10000,1007580,0.417918
mexp10000-16000,7,149796,16000,10000,1007580,0.425556
mexp10000-16000,8,131072,16000,10000,1007580,0.446396
mexp10000-16000,9,116508,16000,10000,1007580,0.440253
mexp10000-16000,10,104857,16000,10000,1007580,0.442941
mexp10000-16000,11,95325,16000,10000,1007580,0.486773
mexp10000-16000,12,87381,16000,10000,1007580,0.447158
mexp10000-16000,13,80659,16000,10000,1007580,0.462557
mexp10000-16000,14,74898,16000,10000,1007580,0.453480
mexp10000-16000,15,69905,16000,10000,1007580,0.457131
mexp10000-16000,16,65536,16000,10000,1007580,0.460068
mexp10000-16000,17,61680,16000,10000,1007580,1.077730
mexp10000-16000,18,58254,16000,10000,1007580,1.118221
mexp10000-16000,19,55188,16000,10000,1007580,1.141065
mexp10000-16000,20,52428,16000,10000,1007580,1.190324
mexp10000-16000,21,49932,16000,10000,1007580,1.210918
mexp10000-16000,22,47662,16000,10000,1007580,1.258945
mexp10000-16000,23,45590,16000,10000,1007580,1.298100
mexp10000-16000,24,43690,16000,10000,1007580,1.344070
mexp10000-16000,25,41943,16000,10000,1007580,1.369541
mexp10000-16000,26,40329,16000,10000,1007580,1.421136
mexp10000-16000,27,38836,16000,10000,1007580,1.458712
mexp10000-16000,28,37449,16000,10000,1007580,1.503419
mexp10000-16000,29,36157,16000,10000,1007580,1.542006
mexp10000-16000,30,34952,16000,10000,1007580,1.577150
mexp10000-16000,31,33825,16000,10000,1007580,1.628180
mexp10000-16000,32,32768,16000,10000,1007580,1.675744
mexp10000-32000,0,0,32000,10000,1392480,0.541390
mexp10000-32000,1,1048576,32000,10000,1392480,0.628843
