INFO-PC
Modo(s) operacional da CPU:32-bit, 64-bit
CPU(s):                16
On-line CPU(s) list:   0-15
Família da CPU:       6
Model name:            Intel(R) Xeon(R) CPU           E5620  @ 2.40GHz
CPU MHz:               1600.076
CPU max MHz:           2401,0000
CPU min MHz:           1600,0000
NUMA node0 CPU(s):     0-3,8-11
NUMA node1 CPU(s):     4-7,12-15
Thread(s) per núcleo  2
cache de L1d:          32K
cache de L1i:          32K
cache de L2:           256K
cache de L3:           12288K
              total        used        free      shared  buff/cache   available
Mem:          72476         816       64320          17        7339       70853
Swap:             0           0           0
----------------------------------------------------------------
file,N_THREADS,CHUNK_SIZE,n_obj,max_weight,max_value,time
mexp10000-1000,0,0,1000,10000,226065,0.020255
mexp10000-1000,1,1048576,1000,10000,226065,0.023338
mexp10000-1000,2,524288,1000,10000,226065,0.020375
mexp10000-1000,3,349525,1000,10000,226065,0.027891
mexp10000-1000,4,262144,1000,10000,226065,0.027425
mexp10000-1000,5,209715,1000,10000,226065,0.026682
mexp10000-1000,6,174762,1000,10000,226065,0.027921
mexp10000-1000,7,149796,1000,10000,226065,0.027061
mexp10000-1000,8,131072,1000,10000,226065,0.032230
mexp10000-1000,9,116508,1000,10000,226065,0.030840
mexp10000-1000,10,104857,1000,10000,226065,0.030258
mexp10000-1000,11,95325,1000,10000,226065,0.032277
mexp10000-1000,12,87381,1000,10000,226065,0.029802
mexp10000-1000,13,80659,1000,10000,226065,0.032964
mexp10000-1000,14,74898,1000,10000,226065,0.034869
mexp10000-1000,15,69905,1000,10000,226065,0.029302
mexp10000-1000,16,65536,1000,10000,226065,0.036621
mexp10000-2000,0,0,2000,10000,352495,0.034894
mexp10000-2000,1,1048576,2000,10000,352495,0.043120
mexp10000-2000,2,524288,2000,10000,352495,0.044857
mexp10000-2000,3,349525,2000,10000,352495,0.053037
mexp10000-2000,4,262144,2000,10000,352495,0.049461
mexp10000-2000,5,209715,2000,10000,352495,0.054650
mexp10000-2000,6,174762,2000,10000,352495,0.054844
mexp10000-2000,7,149796,2000,10000,352495,0.057959
mexp10000-2000,8,131072,2000,10000,352495,0.056849
mexp10000-2000,9,116508,2000,10000,352495,0.057671
mexp10000-2000,10,104857,2000,10000,352495,0.065007
mexp10000-2000,11,95325,2000,10000,352495,0.060981
mexp10000-2000,12,87381,2000,10000,352495,0.057363
mexp10000-2000,13,80659,2000,10000,352495,0.058447
mexp10000-2000,14,74898,2000,10000,352495,0.067870
mexp10000-2000,15,69905,2000,10000,352495,0.061035
mexp10000-2000,16,65536,2000,10000,352495,0.061000
mexp10000-4000,0,0,4000,10000,511625,0.068233
mexp10000-4000,1,1048576,4000,10000,511625,0.082676
mexp10000-4000,2,524288,4000,10000,511625,0.097069
mexp10000-4000,3,349525,4000,10000,511625,0.100081
mexp10000-4000,4,262144,4000,10000,511625,0.105238
mexp10000-4000,5,209715,4000,10000,511625,0.104883
mexp10000-4000,6,174762,4000,10000,511625,0.105992
mexp10000-4000,7,149796,4000,10000,511625,0.107432
mexp10000-4000,8,131072,4000,10000,511625,0.112788
mexp10000-4000,9,116508,4000,10000,511625,0.121860
mexp10000-4000,10,104857,4000,10000,511625,0.128255
mexp10000-4000,11,95325,4000,10000,511625,0.120729
mexp10000-4000,12,87381,4000,10000,511625,0.125103
mexp10000-4000,13,80659,4000,10000,511625,0.127559
mexp10000-4000,14,74898,4000,10000,511625,0.130781
mexp10000-4000,15,69905,4000,10000,511625,0.119814
mexp10000-4000,16,65536,4000,10000,511625,0.120374
mexp10000-8000,0,0,8000,10000,731100,0.135377
mexp10000-8000,1,1048576,8000,10000,731100,0.160115
mexp10000-8000,2,524288,8000,10000,731100,0.172401
mexp10000-8000,3,349525,8000,10000,731100,0.178575
mexp10000-8000,4,262144,8000,10000,731100,0.207750
mexp10000-8000,5,209715,8000,10000,731100,0.183665
mexp10000-8000,6,174762,8000,10000,731100,0.210011
mexp10000-8000,7,149796,8000,10000,731100,0.220860
mexp10000-8000,8,131072,8000,10000,731100,0.215826
mexp10000-8000,9,116508,8000,10000,731100,0.222989
mexp10000-8000,10,104857,8000,10000,731100,0.234375
mexp10000-8000,11,95325,8000,10000,731100,0.239056
mexp10000-8000,12,87381,8000,10000,731100,0.224202
mexp10000-8000,13,80659,8000,10000,731100,0.237268
mexp10000-8000,14,74898,8000,10000,731100,0.223429
mexp10000-8000,15,69905,8000,10000,731100,0.229869
mexp10000-8000,16,65536,8000,10000,731100,0.229571
mexp10000-16000,0,0,16000,10000,1007580,0.268825
mexp10000-16000,1,1048576,16000,10000,1007580,0.316296
mexp10000-16000,2,524288,16000,10000,1007580,0.350496
mexp10000-16000,3,349525,16000,10000,1007580,0.377397
mexp10000-16000,4,262144,16000,10000,1007580,0.401973
mexp10000-16000,5,209715,16000,10000,1007580,0.371856
mexp10000-16000,6,174762,16000,10000,1007580,0.425769
mexp10000-16000,7,149796,16000,10000,1007580,0.424466
mexp10000-16000,8,131072,16000,10000,1007580,0.428203
mexp10000-16000,9,116508,16000,10000,1007580,0.472860
mexp10000-16000,10,104857,16000,10000,1007580,0.488761
mexp10000-16000,11,95325,16000,10000,1007580,0.482193
mexp10000-16000,12,87381,16000,10000,1007580,0.498843
mexp10000-16000,13,80659,16000,10000,1007580,0.503915
mexp10000-16000,14,74898,16000,10000,1007580,0.522536
mexp10000-16000,15,69905,16000,10000,1007580,0.458997
mexp10000-16000,16,65536,16000,10000,1007580,0.458587
mexp10000-32000,0,0,32000,10000,1392480,0.536526
mexp10000-32000,1,1048576,32000,10000,1392480,0.627531
mexp10000-32000,2,524288,32000,10000,1392480,0.729489
mexp10000-32000,3,349525,32000,10000,1392480,0.733735
mexp10000-32000,4,262144,32000,10000,1392480,0.802317
mexp10000-32000,5,209715,32000,10000,1392480,0.747250
mexp10000-32000,6,174762,32000,10000,1392480,0.844934
mexp10000-32000,7,149796,32000,10000,1392480,0.843691
mexp10000-32000,8,131072,32000,10000,1392480,0.856779
mexp10000-32000,9,116508,32000,10000,1392480,0.895505
mexp10000-32000,10,104857,32000,10000,1392480,0.928776
mexp10000-32000,11,95325,32000,10000,1392480,0.956971
mexp10000-32000,12,87381,32000,10000,1392480,0.964332
mexp10000-32000,13,80659,32000,10000,1392480,0.922273
mexp10000-32000,14,74898,32000,10000,1392480,0.952343
mexp10000-32000,15,69905,32000,10000,1392480,0.899681
mexp10000-32000,16,65536,32000,10000,1392480,0.907656
mexp10000-64000,0,0,64000,10000,1892965,1.073542
mexp10000-64000,1,1048576,64000,10000,1892965,1.258219
mexp10000-64000,2,524288,64000,10000,1892965,1.412795
mexp10000-64000,3,349525,64000,10000,1892965,1.540406
mexp10000-64000,4,262144,64000,10000,1892965,1.502562
mexp10000-64000,5,209715,64000,10000,1892965,1.611336
mexp10000-64000,6,174762,64000,10000,1892965,1.635189
mexp10000-64000,7,149796,64000,10000,1892965,1.713137
mexp10000-64000,8,131072,64000,10000,1892965,1.755592
mexp10000-64000,9,116508,64000,10000,1892965,1.808502
mexp10000-64000,10,104857,64000,10000,1892965,1.856978
mexp10000-64000,11,95325,64000,10000,1892965,1.898787
mexp10000-64000,12,87381,64000,10000,1892965,1.890709
mexp10000-64000,13,80659,64000,10000,1892965,1.964418
mexp10000-64000,14,74898,64000,10000,1892965,1.897077
mexp10000-64000,15,69905,64000,10000,1892965,1.888538
mexp10000-64000,16,65536,64000,10000,1892965,1.953256
mexp10000-128000,0,0,128000,10000,2770810,2.127181
mexp10000-128000,1,1048576,128000,10000,2770810,2.461548
mexp10000-128000,2,524288,128000,10000,2770810,2.774865
mexp10000-128000,3,349525,128000,10000,2770810,3.139316
mexp10000-128000,4,262144,128000,10000,2770810,3.074308
mexp10000-128000,5,209715,128000,10000,2770810,3.207767
mexp10000-128000,6,174762,128000,10000,2770810,3.344828
mexp10000-128000,7,149796,128000,10000,2770810,3.404595
mexp10000-128000,8,131072,128000,10000,2770810,3.487130
mexp10000-128000,9,116508,128000,10000,2770810,3.532807
mexp10000-128000,10,104857,128000,10000,2770810,3.685092
mexp10000-128000,11,95325,128000,10000,2770810,3.744609
mexp10000-128000,12,87381,128000,10000,2770810,3.878839
mexp10000-128000,13,80659,128000,10000,2770810,4.013510
mexp10000-128000,14,74898,128000,10000,2770810,4.108470
mexp10000-128000,15,69905,128000,10000,2770810,3.833782
mexp10000-128000,16,65536,128000,10000,2770810,3.731471
mexp20000-1000,0,0,1000,20000,521890,0.038298
mexp20000-1000,1,1048576,1000,20000,521890,0.042821
mexp20000-1000,2,524288,1000,20000,521890,0.045723
mexp20000-1000,3,349525,1000,20000,521890,0.048891
mexp20000-1000,4,262144,1000,20000,521890,0.050909
mexp20000-1000,5,209715,1000,20000,521890,0.052441
mexp20000-1000,6,174762,1000,20000,521890,0.051383
mexp20000-1000,7,149796,1000,20000,521890,0.057117
mexp20000-1000,8,131072,1000,20000,521890,0.060008
mexp20000-1000,9,116508,1000,20000,521890,0.054374
mexp20000-1000,10,104857,1000,20000,521890,0.057181
mexp20000-1000,11,95325,1000,20000,521890,0.058509
mexp20000-1000,12,87381,1000,20000,521890,0.060020
mexp20000-1000,13,80659,1000,20000,521890,0.059040
mexp20000-1000,14,74898,1000,20000,521890,0.063804
mexp20000-1000,15,69905,1000,20000,521890,0.065961
mexp20000-1000,16,65536,1000,20000,521890,0.056303
mexp20000-2000,0,0,2000,20000,744650,0.068831
mexp20000-2000,1,1048576,2000,20000,744650,0.082739
mexp20000-2000,2,524288,2000,20000,744650,0.087112
mexp20000-2000,3,349525,2000,20000,744650,0.092809
mexp20000-2000,4,262144,2000,20000,744650,0.091038
mexp20000-2000,5,209715,2000,20000,744650,0.101083
mexp20000-2000,6,174762,2000,20000,744650,0.101671
mexp20000-2000,7,149796,2000,20000,744650,0.102245
mexp20000-2000,8,131072,2000,20000,744650,0.119303
mexp20000-2000,9,116508,2000,20000,744650,0.108763
mexp20000-2000,10,104857,2000,20000,744650,0.113160
mexp20000-2000,11,95325,2000,20000,744650,0.113909
mexp20000-2000,12,87381,2000,20000,744650,0.118827
mexp20000-2000,13,80659,2000,20000,744650,0.121605
mexp20000-2000,14,74898,2000,20000,744650,0.117261
mexp20000-2000,15,69905,2000,20000,744650,0.129795
mexp20000-2000,16,65536,2000,20000,744650,0.113707
mexp20000-4000,0,0,4000,20000,1055575,0.135997
mexp20000-4000,1,1048576,4000,20000,1055575,0.159200
mexp20000-4000,2,524288,4000,20000,1055575,0.168904
mexp20000-4000,3,349525,4000,20000,1055575,0.177381
mexp20000-4000,4,262144,4000,20000,1055575,0.187275
mexp20000-4000,5,209715,4000,20000,1055575,0.201739
mexp20000-4000,6,174762,4000,20000,1055575,0.203004
mexp20000-4000,7,149796,4000,20000,1055575,0.206839
mexp20000-4000,8,131072,4000,20000,1055575,0.213828
mexp20000-4000,9,116508,4000,20000,1055575,0.235850
mexp20000-4000,10,104857,4000,20000,1055575,0.226020
mexp20000-4000,11,95325,4000,20000,1055575,0.231134
mexp20000-4000,12,87381,4000,20000,1055575,0.236040
mexp20000-4000,13,80659,4000,20000,1055575,0.242907
mexp20000-4000,14,74898,4000,20000,1055575,0.219350
mexp20000-4000,15,69905,4000,20000,1055575,0.257119
mexp20000-4000,16,65536,4000,20000,1055575,0.219650
mexp20000-8000,0,0,8000,20000,1471615,0.270605
mexp20000-8000,1,1048576,8000,20000,1471615,0.316624
mexp20000-8000,2,524288,8000,20000,1471615,0.334639
mexp20000-8000,3,349525,8000,20000,1471615,0.341936
mexp20000-8000,4,262144,8000,20000,1471615,0.383868
mexp20000-8000,5,209715,8000,20000,1471615,0.394561
mexp20000-8000,6,174762,8000,20000,1471615,0.386583
mexp20000-8000,7,149796,8000,20000,1471615,0.406147
mexp20000-8000,8,131072,8000,20000,1471615,0.421149
mexp20000-8000,9,116508,8000,20000,1471615,0.434814
mexp20000-8000,10,104857,8000,20000,1471615,0.437564
mexp20000-8000,11,95325,8000,20000,1471615,0.464030
mexp20000-8000,12,87381,8000,20000,1471615,0.475750
mexp20000-8000,13,80659,8000,20000,1471615,0.489057
mexp20000-8000,14,74898,8000,20000,1471615,0.501154
mexp20000-8000,15,69905,8000,20000,1471615,0.507312
mexp20000-8000,16,65536,8000,20000,1471615,0.435001
mexp20000-16000,0,0,16000,20000,2094540,0.541714
mexp20000-16000,1,1048576,16000,20000,2094540,0.630911
mexp20000-16000,2,524288,16000,20000,2094540,0.661211
mexp20000-16000,3,349525,16000,20000,2094540,0.706747
mexp20000-16000,4,262144,16000,20000,2094540,0.777979
mexp20000-16000,5,209715,16000,20000,2094540,0.684722
mexp20000-16000,6,174762,16000,20000,2094540,0.808399
mexp20000-16000,7,149796,16000,20000,2094540,0.809439
mexp20000-16000,8,131072,16000,20000,2094540,0.829286
mexp20000-16000,9,116508,16000,20000,2094540,0.866167
mexp20000-16000,10,104857,16000,20000,2094540,0.884134
mexp20000-16000,11,95325,16000,20000,2094540,0.912307
mexp20000-16000,12,87381,16000,20000,2094540,0.886448
mexp20000-16000,13,80659,16000,20000,2094540,0.959658
mexp20000-16000,14,74898,16000,20000,2094540,0.876680
mexp20000-16000,15,69905,16000,20000,2094540,0.878704
mexp20000-16000,16,65536,16000,20000,2094540,0.880479
mexp20000-32000,0,0,32000,20000,2903440,1.082541
mexp20000-32000,1,1048576,32000,20000,2903440,1.249504
mexp20000-32000,2,524288,32000,20000,2903440,1.332250
mexp20000-32000,3,349525,32000,20000,2903440,1.406643
mexp20000-32000,4,262144,32000,20000,2903440,1.554022
mexp20000-32000,5,209715,32000,20000,2903440,1.477339
mexp20000-32000,6,174762,32000,20000,2903440,1.616693
mexp20000-32000,7,149796,32000,20000,2903440,1.648272
mexp20000-32000,8,131072,32000,20000,2903440,1.654572
mexp20000-32000,9,116508,32000,20000,2903440,1.710003
mexp20000-32000,10,104857,32000,20000,2903440,1.811232
mexp20000-32000,11,95325,32000,20000,2903440,1.853765
mexp20000-32000,12,87381,32000,20000,2903440,1.783305
mexp20000-32000,13,80659,32000,20000,2903440,1.789293
mexp20000-32000,14,74898,32000,20000,2903440,1.829360
mexp20000-32000,15,69905,32000,20000,2903440,1.747584
mexp20000-32000,16,65536,32000,20000,2903440,1.796839
mexp20000-64000,0,0,64000,20000,4049760,2.142687
mexp20000-64000,1,1048576,64000,20000,4049760,2.449776
mexp20000-64000,2,524288,64000,20000,4049760,2.706802
mexp20000-64000,3,349525,64000,20000,4049760,2.843289
mexp20000-64000,4,262144,64000,20000,4049760,2.856460
mexp20000-64000,5,209715,64000,20000,4049760,2.717858
mexp20000-64000,6,174762,64000,20000,4049760,3.144077
mexp20000-64000,7,149796,64000,20000,4049760,3.289890
mexp20000-64000,8,131072,64000,20000,4049760,3.291733
mexp20000-64000,9,116508,64000,20000,4049760,3.327885
mexp20000-64000,10,104857,64000,20000,4049760,3.523331
mexp20000-64000,11,95325,64000,20000,4049760,3.388804
mexp20000-64000,12,87381,64000,20000,4049760,3.687540
mexp20000-64000,13,80659,64000,20000,4049760,3.445917
mexp20000-64000,14,74898,64000,20000,4049760,3.923696
mexp20000-64000,15,69905,64000,20000,4049760,3.488109
mexp20000-64000,16,65536,64000,20000,4049760,3.601297
mexp20000-128000,0,0,128000,20000,5952255,4.104957
mexp20000-128000,1,1048576,128000,20000,5952255,4.690988
mexp20000-128000,2,524288,128000,20000,5952255,5.108245
mexp20000-128000,3,349525,128000,20000,5952255,5.493443
mexp20000-128000,4,262144,128000,20000,5952255,5.854611
mexp20000-128000,5,209715,128000,20000,5952255,6.089886
mexp20000-128000,6,174762,128000,20000,5952255,6.229758
mexp20000-128000,7,149796,128000,20000,5952255,6.262987
mexp20000-128000,8,131072,128000,20000,5952255,6.548318
mexp20000-128000,9,116508,128000,20000,5952255,6.768771
mexp20000-128000,10,104857,128000,20000,5952255,6.966946
mexp20000-128000,11,95325,128000,20000,5952255,7.116165
mexp20000-128000,12,87381,128000,20000,5952255,7.502419
mexp20000-128000,13,80659,128000,20000,5952255,6.761536
mexp20000-128000,14,74898,128000,20000,5952255,7.023400
mexp20000-128000,15,69905,128000,20000,5952255,7.361609
mexp20000-128000,16,65536,128000,20000,5952255,7.175742
mexp40000-1000,0,0,1000,40000,1035405,0.068829
mexp40000-1000,1,1048576,1000,40000,1035405,0.081236
mexp40000-1000,2,524288,1000,40000,1035405,0.082506
mexp40000-1000,3,349525,1000,40000,1035405,0.086298
mexp40000-1000,4,262144,1000,40000,1035405,0.092625
mexp40000-1000,5,209715,1000,40000,1035405,0.094980
mexp40000-1000,6,174762,1000,40000,1035405,0.100307
mexp40000-1000,7,149796,1000,40000,1035405,0.097377
mexp40000-1000,8,131072,1000,40000,1035405,0.099995
mexp40000-1000,9,116508,1000,40000,1035405,0.110367
mexp40000-1000,10,104857,1000,40000,1035405,0.105574
mexp40000-1000,11,95325,1000,40000,1035405,0.108228
mexp40000-1000,12,87381,1000,40000,1035405,0.111493
mexp40000-1000,13,80659,1000,40000,1035405,0.115752
mexp40000-1000,14,74898,1000,40000,1035405,0.105144
mexp40000-1000,15,69905,1000,40000,1035405,0.107443
mexp40000-1000,16,65536,1000,40000,1035405,0.106742
mexp40000-2000,0,0,2000,40000,1508025,0.136952
mexp40000-2000,1,1048576,2000,40000,1508025,0.158637
mexp40000-2000,2,524288,2000,40000,1508025,0.162934
mexp40000-2000,3,349525,2000,40000,1508025,0.168663
mexp40000-2000,4,262144,2000,40000,1508025,0.170413
mexp40000-2000,5,209715,2000,40000,1508025,0.190362
mexp40000-2000,6,174762,2000,40000,1508025,0.187438
mexp40000-2000,7,149796,2000,40000,1508025,0.193499
mexp40000-2000,8,131072,2000,40000,1508025,0.193974
mexp40000-2000,9,116508,2000,40000,1508025,0.203079
mexp40000-2000,10,104857,2000,40000,1508025,0.215553
mexp40000-2000,11,95325,2000,40000,1508025,0.223743
mexp40000-2000,12,87381,2000,40000,1508025,0.221748
mexp40000-2000,13,80659,2000,40000,1508025,0.224197
mexp40000-2000,14,74898,2000,40000,1508025,0.213254
mexp40000-2000,15,69905,2000,40000,1508025,0.213818
mexp40000-2000,16,65536,2000,40000,1508025,0.217375
mexp40000-4000,0,0,4000,40000,2053540,0.274303
mexp40000-4000,1,1048576,4000,40000,2053540,0.309510
mexp40000-4000,2,524288,4000,40000,2053540,0.319829
mexp40000-4000,3,349525,4000,40000,2053540,0.337519
mexp40000-4000,4,262144,4000,40000,2053540,0.381313
mexp40000-4000,5,209715,4000,40000,2053540,0.365934
mexp40000-4000,6,174762,4000,40000,2053540,0.382400
mexp40000-4000,7,149796,4000,40000,2053540,0.432675
mexp40000-4000,8,131072,4000,40000,2053540,0.444519
mexp40000-4000,9,116508,4000,40000,2053540,0.399578
mexp40000-4000,10,104857,4000,40000,2053540,0.422913
mexp40000-4000,11,95325,4000,40000,2053540,0.446544
mexp40000-4000,12,87381,4000,40000,2053540,0.441497
mexp40000-4000,13,80659,4000,40000,2053540,0.453774
mexp40000-4000,14,74898,4000,40000,2053540,0.425343
mexp40000-4000,15,69905,4000,40000,2053540,0.430717
mexp40000-4000,16,65536,4000,40000,2053540,0.428541
mexp40000-8000,0,0,8000,40000,2814765,0.542487
mexp40000-8000,1,1048576,8000,40000,2814765,0.621016
mexp40000-8000,2,524288,8000,40000,2814765,0.643280
mexp40000-8000,3,349525,8000,40000,2814765,0.668908
mexp40000-8000,4,262144,8000,40000,2814765,0.742700
mexp40000-8000,5,209715,8000,40000,2814765,0.666615
mexp40000-8000,6,174762,8000,40000,2814765,0.755146
mexp40000-8000,7,149796,8000,40000,2814765,0.770082
mexp40000-8000,8,131072,8000,40000,2814765,0.782186
mexp40000-8000,9,116508,8000,40000,2814765,0.816313
mexp40000-8000,10,104857,8000,40000,2814765,0.854744
mexp40000-8000,11,95325,8000,40000,2814765,0.896031
mexp40000-8000,12,87381,8000,40000,2814765,0.893999
mexp40000-8000,13,80659,8000,40000,2814765,0.912268
mexp40000-8000,14,74898,8000,40000,2814765,0.926966
mexp40000-8000,15,69905,8000,40000,2814765,0.849237
mexp40000-8000,16,65536,8000,40000,2814765,0.852343
mexp40000-16000,0,0,16000,40000,4083265,1.087403
mexp40000-16000,1,1048576,16000,40000,4083265,1.239442
mexp40000-16000,2,524288,16000,40000,4083265,1.286525
mexp40000-16000,3,349525,16000,40000,4083265,1.367168
mexp40000-16000,4,262144,16000,40000,4083265,1.500130
mexp40000-16000,5,209715,16000,40000,4083265,1.514351
mexp40000-16000,6,174762,16000,40000,4083265,1.589712
mexp40000-16000,7,149796,16000,40000,4083265,1.613966
mexp40000-16000,8,131072,16000,40000,4083265,1.566297
mexp40000-16000,9,116508,16000,40000,4083265,1.650767
mexp40000-16000,10,104857,16000,40000,4083265,1.700001
mexp40000-16000,11,95325,16000,40000,4083265,1.696254
mexp40000-16000,12,87381,16000,40000,4083265,1.704136
mexp40000-16000,13,80659,16000,40000,4083265,1.820491
mexp40000-16000,14,74898,16000,40000,4083265,1.869162
mexp40000-16000,15,69905,16000,40000,4083265,1.701861
mexp40000-16000,16,65536,16000,40000,4083265,1.682233
mexp40000-32000,0,0,32000,40000,5830560,2.157891
mexp40000-32000,1,1048576,32000,40000,5830560,2.429748
mexp40000-32000,2,524288,32000,40000,5830560,2.567189
mexp40000-32000,3,349525,32000,40000,5830560,2.556418
mexp40000-32000,4,262144,32000,40000,5830560,2.843225
mexp40000-32000,5,209715,32000,40000,5830560,2.959494
mexp40000-32000,6,174762,32000,40000,5830560,2.998044
mexp40000-32000,7,149796,32000,40000,5830560,3.073235
mexp40000-32000,8,131072,32000,40000,5830560,3.157048
mexp40000-32000,9,116508,32000,40000,5830560,3.207322
mexp40000-32000,10,104857,32000,40000,5830560,3.313683
mexp40000-32000,11,95325,32000,40000,5830560,3.503882
mexp40000-32000,12,87381,32000,40000,5830560,3.321192
mexp40000-32000,13,80659,32000,40000,5830560,3.604373
mexp40000-32000,14,74898,32000,40000,5830560,3.621986
mexp40000-32000,15,69905,32000,40000,5830560,3.328961
mexp40000-32000,16,65536,32000,40000,5830560,3.324369
mexp40000-64000,0,0,64000,40000,8481570,4.121715
mexp40000-64000,1,1048576,64000,40000,8481570,4.671489
mexp40000-64000,2,524288,64000,40000,8481570,5.054065
mexp40000-64000,3,349525,64000,40000,8481570,5.722605
mexp40000-64000,4,262144,64000,40000,8481570,5.689445
mexp40000-64000,5,209715,64000,40000,8481570,5.824531
mexp40000-64000,6,174762,64000,40000,8481570,6.014605
mexp40000-64000,7,149796,64000,40000,8481570,6.015305
mexp40000-64000,8,131072,64000,40000,8481570,6.350243
mexp40000-64000,9,116508,64000,40000,8481570,6.613266
mexp40000-64000,10,104857,64000,40000,8481570,6.349064
mexp40000-64000,11,95325,64000,40000,8481570,6.836198
mexp40000-64000,12,87381,64000,40000,8481570,6.742658
mexp40000-64000,13,80659,64000,40000,8481570,6.627858
mexp40000-64000,14,74898,64000,40000,8481570,6.754794
mexp40000-64000,15,69905,64000,40000,8481570,6.626353
mexp40000-64000,16,65536,64000,40000,8481570,6.630427
mexp40000-128000,0,0,128000,40000,12087295,8.052978
mexp40000-128000,1,1048576,128000,40000,12087295,9.169364
mexp40000-128000,2,524288,128000,40000,12087295,9.662052
mexp40000-128000,3,349525,128000,40000,12087295,11.436830
mexp40000-128000,4,262144,128000,40000,12087295,11.195196
mexp40000-128000,5,209715,128000,40000,12087295,11.534585
mexp40000-128000,6,174762,128000,40000,12087295,11.870711
mexp40000-128000,7,149796,128000,40000,12087295,12.114291
mexp40000-128000,8,131072,128000,40000,12087295,12.169286
mexp40000-128000,9,116508,128000,40000,12087295,12.681870
mexp40000-128000,10,104857,128000,40000,12087295,12.803500
mexp40000-128000,11,95325,128000,40000,12087295,13.360605
mexp40000-128000,12,87381,128000,40000,12087295,13.893720
mexp40000-128000,13,80659,128000,40000,12087295,13.378190
mexp40000-128000,14,74898,128000,40000,12087295,13.531766
mexp40000-128000,15,69905,128000,40000,12087295,13.694933
mexp40000-128000,16,65536,128000,40000,12087295,13.215845
mexp80000-1000,0,0,1000,80000,2036540,0.136080
mexp80000-1000,1,1048576,1000,80000,2036540,0.156405
mexp80000-1000,2,524288,1000,80000,2036540,0.160340
mexp80000-1000,3,349525,1000,80000,2036540,0.164868
mexp80000-1000,4,262144,1000,80000,2036540,0.185804
mexp80000-1000,5,209715,1000,80000,2036540,0.180893
mexp80000-1000,6,174762,1000,80000,2036540,0.183798
mexp80000-1000,7,149796,1000,80000,2036540,0.185121
mexp80000-1000,8,131072,1000,80000,2036540,0.187614
mexp80000-1000,9,116508,1000,80000,2036540,0.195789
mexp80000-1000,10,104857,1000,80000,2036540,0.200753
mexp80000-1000,11,95325,1000,80000,2036540,0.208511
mexp80000-1000,12,87381,1000,80000,2036540,0.213708
mexp80000-1000,13,80659,1000,80000,2036540,0.209610
mexp80000-1000,14,74898,1000,80000,2036540,0.195659
mexp80000-1000,15,69905,1000,80000,2036540,0.186241
mexp80000-1000,16,65536,1000,80000,2036540,0.201616
mexp80000-2000,0,0,2000,80000,2897455,0.277747
mexp80000-2000,1,1048576,2000,80000,2897455,0.310552
mexp80000-2000,2,524288,2000,80000,2897455,0.328918
mexp80000-2000,3,349525,2000,80000,2897455,0.325454
mexp80000-2000,4,262144,2000,80000,2897455,0.371971
mexp80000-2000,5,209715,2000,80000,2897455,0.369819
mexp80000-2000,6,174762,2000,80000,2897455,0.371868
mexp80000-2000,7,149796,2000,80000,2897455,0.387276
mexp80000-2000,8,131072,2000,80000,2897455,0.433950
mexp80000-2000,9,116508,2000,80000,2897455,0.392764
mexp80000-2000,10,104857,2000,80000,2897455,0.410344
mexp80000-2000,11,95325,2000,80000,2897455,0.419372
mexp80000-2000,12,87381,2000,80000,2897455,0.420015
mexp80000-2000,13,80659,2000,80000,2897455,0.440242
mexp80000-2000,14,74898,2000,80000,2897455,0.407343
mexp80000-2000,15,69905,2000,80000,2897455,0.395179
mexp80000-2000,16,65536,2000,80000,2897455,0.400002
mexp80000-4000,0,0,4000,80000,4043250,0.545212
mexp80000-4000,1,1048576,4000,80000,4043250,0.618134
mexp80000-4000,2,524288,4000,80000,4043250,0.642339
mexp80000-4000,3,349525,4000,80000,4043250,0.661781
mexp80000-4000,4,262144,4000,80000,4043250,0.734083
mexp80000-4000,5,209715,4000,80000,4043250,0.731500
mexp80000-4000,6,174762,4000,80000,4043250,0.742898
mexp80000-4000,7,149796,4000,80000,4043250,0.775704
mexp80000-4000,8,131072,4000,80000,4043250,0.752583
mexp80000-4000,9,116508,4000,80000,4043250,0.860438
mexp80000-4000,10,104857,4000,80000,4043250,0.824330
mexp80000-4000,11,95325,4000,80000,4043250,0.832681
mexp80000-4000,12,87381,4000,80000,4043250,0.856424
mexp80000-4000,13,80659,4000,80000,4043250,0.846110
mexp80000-4000,14,74898,4000,80000,4043250,0.824674
mexp80000-4000,15,69905,4000,80000,4043250,0.864130
mexp80000-4000,16,65536,4000,80000,4043250,0.810762
mexp80000-8000,0,0,8000,80000,5864440,1.087529
mexp80000-8000,1,1048576,8000,80000,5864440,1.232237
mexp80000-8000,2,524288,8000,80000,5864440,1.259190
mexp80000-8000,3,349525,8000,80000,5864440,1.440528
mexp80000-8000,4,262144,8000,80000,5864440,1.334945
mexp80000-8000,5,209715,8000,80000,5864440,1.445352
mexp80000-8000,6,174762,8000,80000,5864440,1.565998
mexp80000-8000,7,149796,8000,80000,5864440,1.479331
mexp80000-8000,8,131072,8000,80000,5864440,1.520400
mexp80000-8000,9,116508,8000,80000,5864440,1.556525
mexp80000-8000,10,104857,8000,80000,5864440,1.710664
mexp80000-8000,11,95325,8000,80000,5864440,1.691724
mexp80000-8000,12,87381,8000,80000,5864440,1.668298
mexp80000-8000,13,80659,8000,80000,5864440,1.674885
mexp80000-8000,14,74898,8000,80000,5864440,1.577968
mexp80000-8000,15,69905,8000,80000,5864440,1.565416
mexp80000-8000,16,65536,8000,80000,5864440,1.459055
mexp80000-16000,0,0,16000,80000,8347340,2.159161
mexp80000-16000,1,1048576,16000,80000,8347340,2.419015
mexp80000-16000,2,524288,16000,80000,8347340,2.456582
mexp80000-16000,3,349525,16000,80000,8347340,2.656532
mexp80000-16000,4,262144,16000,80000,8347340,2.786546
mexp80000-16000,5,209715,16000,80000,8347340,2.874698
mexp80000-16000,6,174762,16000,80000,8347340,2.895325
mexp80000-16000,7,149796,16000,80000,8347340,3.080076
mexp80000-16000,8,131072,16000,80000,8347340,2.962368
mexp80000-16000,9,116508,16000,80000,8347340,3.139124
mexp80000-16000,10,104857,16000,80000,8347340,3.234378
mexp80000-16000,11,95325,16000,80000,8347340,3.389166
mexp80000-16000,12,87381,16000,80000,8347340,3.422229
mexp80000-16000,13,80659,16000,80000,8347340,3.276664
mexp80000-16000,14,74898,16000,80000,8347340,3.084447
mexp80000-16000,15,69905,16000,80000,8347340,3.063353
mexp80000-16000,16,65536,16000,80000,8347340,3.101639
mexp80000-32000,0,0,32000,80000,11725655,4.257020
mexp80000-32000,1,1048576,32000,80000,11725655,4.643048
mexp80000-32000,2,524288,32000,80000,11725655,4.775254
mexp80000-32000,3,349525,32000,80000,11725655,5.322495
mexp80000-32000,4,262144,32000,80000,11725655,5.474413
