INFO-PC
Modo(s) operacional da CPU:32-bit, 64-bit
CPU(s):                16
On-line CPU(s) list:   0-15
Família da CPU:       6
Model name:            Intel(R) Xeon(R) CPU           E5620  @ 2.40GHz
CPU MHz:               1713.789
CPU max MHz:           2401,0000
CPU min MHz:           1600,0000
NUMA node0 CPU(s):     0-3,8-11
NUMA node1 CPU(s):     4-7,12-15
Thread(s) per núcleo  2
cache de L1d:          32K
cache de L1i:          32K
cache de L2:           256K
cache de L3:           12288K
              total        used        free      shared  buff/cache   available
Mem:          72476         847       64289          17        7340       70821
Swap:             0           0           0
----------------------------------------------------------------
file,N_THREADS,CHUNK_SIZE,n_obj,max_weight,max_value,time
mexp10000-1000,0,0,1000,10000,226065,0.023235
mexp10000-1000,1,1048576,1000,10000,226065,0.023670
mexp10000-1000,2,524288,1000,10000,226065,0.023168
mexp10000-1000,3,349525,1000,10000,226065,0.026547
mexp10000-1000,4,262144,1000,10000,226065,0.027152
mexp10000-1000,5,209715,1000,10000,226065,0.026744
mexp10000-1000,6,174762,1000,10000,226065,0.027923
mexp10000-1000,7,149796,1000,10000,226065,0.026718
mexp10000-1000,8,131072,1000,10000,226065,0.031584
mexp10000-1000,9,116508,1000,10000,226065,0.028621
mexp10000-1000,10,104857,1000,10000,226065,0.031478
mexp10000-1000,11,95325,1000,10000,226065,0.030519
mexp10000-1000,12,87381,1000,10000,226065,0.031978
mexp10000-1000,13,80659,1000,10000,226065,0.037156
mexp10000-1000,14,74898,1000,10000,226065,0.030241
mexp10000-1000,15,69905,1000,10000,226065,0.035510
mexp10000-1000,16,65536,1000,10000,226065,0.030684
mexp10000-2000,0,0,2000,10000,352495,0.034093
mexp10000-2000,1,1048576,2000,10000,352495,0.043209
mexp10000-2000,2,524288,2000,10000,352495,0.042163
mexp10000-2000,3,349525,2000,10000,352495,0.050824
mexp10000-2000,4,262144,2000,10000,352495,0.047992
mexp10000-2000,5,209715,2000,10000,352495,0.053205
mexp10000-2000,6,174762,2000,10000,352495,0.056777
mexp10000-2000,7,149796,2000,10000,352495,0.055640
mexp10000-2000,8,131072,2000,10000,352495,0.065187
mexp10000-2000,9,116508,2000,10000,352495,0.058415
mexp10000-2000,10,104857,2000,10000,352495,0.063704
mexp10000-2000,11,95325,2000,10000,352495,0.060315
mexp10000-2000,12,87381,2000,10000,352495,0.065316
mexp10000-2000,13,80659,2000,10000,352495,0.064365
mexp10000-2000,14,74898,2000,10000,352495,0.068134
mexp10000-2000,15,69905,2000,10000,352495,0.061081
mexp10000-2000,16,65536,2000,10000,352495,0.060991
mexp10000-4000,0,0,4000,10000,511625,0.068393
mexp10000-4000,1,1048576,4000,10000,511625,0.082326
mexp10000-4000,2,524288,4000,10000,511625,0.092887
mexp10000-4000,3,349525,4000,10000,511625,0.099194
mexp10000-4000,4,262144,4000,10000,511625,0.096295
mexp10000-4000,5,209715,4000,10000,511625,0.099281
mexp10000-4000,6,174762,4000,10000,511625,0.112487
mexp10000-4000,7,149796,4000,10000,511625,0.112851
mexp10000-4000,8,131072,4000,10000,511625,0.110209
mexp10000-4000,9,116508,4000,10000,511625,0.114470
mexp10000-4000,10,104857,4000,10000,511625,0.120682
mexp10000-4000,11,95325,4000,10000,511625,0.126492
mexp10000-4000,12,87381,4000,10000,511625,0.128512
mexp10000-4000,13,80659,4000,10000,511625,0.112460
mexp10000-4000,14,74898,4000,10000,511625,0.117041
mexp10000-4000,15,69905,4000,10000,511625,0.117331
mexp10000-4000,16,65536,4000,10000,511625,0.120055
mexp10000-8000,0,0,8000,10000,731100,0.135249
mexp10000-8000,1,1048576,8000,10000,731100,0.160458
mexp10000-8000,2,524288,8000,10000,731100,0.175248
mexp10000-8000,3,349525,8000,10000,731100,0.182676
mexp10000-8000,4,262144,8000,10000,731100,0.199908
mexp10000-8000,5,209715,8000,10000,731100,0.184551
mexp10000-8000,6,174762,8000,10000,731100,0.208847
mexp10000-8000,7,149796,8000,10000,731100,0.239172
mexp10000-8000,8,131072,8000,10000,731100,0.215588
mexp10000-8000,9,116508,8000,10000,731100,0.250236
mexp10000-8000,10,104857,8000,10000,731100,0.234044
mexp10000-8000,11,95325,8000,10000,731100,0.242588
mexp10000-8000,12,87381,8000,10000,731100,0.246148
mexp10000-8000,13,80659,8000,10000,731100,0.253397
mexp10000-8000,14,74898,8000,10000,731100,0.229555
mexp10000-8000,15,69905,8000,10000,731100,0.263947
mexp10000-8000,16,65536,8000,10000,731100,0.229959
mexp10000-16000,0,0,16000,10000,1007580,0.268842
mexp10000-16000,1,1048576,16000,10000,1007580,0.317044
mexp10000-16000,2,524288,16000,10000,1007580,0.358707
mexp10000-16000,3,349525,16000,10000,1007580,0.401190
mexp10000-16000,4,262144,16000,10000,1007580,0.406778
mexp10000-16000,5,209715,16000,10000,1007580,0.410431
mexp10000-16000,6,174762,16000,10000,1007580,0.416621
mexp10000-16000,7,149796,16000,10000,1007580,0.421376
mexp10000-16000,8,131072,16000,10000,1007580,0.447651
mexp10000-16000,9,116508,16000,10000,1007580,0.457668
mexp10000-16000,10,104857,16000,10000,1007580,0.466075
mexp10000-16000,11,95325,16000,10000,1007580,0.450869
mexp10000-16000,12,87381,16000,10000,1007580,0.497715
mexp10000-16000,13,80659,16000,10000,1007580,0.508196
mexp10000-16000,14,74898,16000,10000,1007580,0.452551
mexp10000-16000,15,69905,16000,10000,1007580,0.456277
mexp10000-16000,16,65536,16000,10000,1007580,0.459893
mexp10000-32000,0,0,32000,10000,1392480,0.541309
mexp10000-32000,1,1048576,32000,10000,1392480,0.626049
mexp10000-32000,2,524288,32000,10000,1392480,0.739625
mexp10000-32000,3,349525,32000,10000,1392480,0.756609
mexp10000-32000,4,262144,32000,10000,1392480,0.742660
mexp10000-32000,5,209715,32000,10000,1392480,0.822939
mexp10000-32000,6,174762,32000,10000,1392480,0.852353
mexp10000-32000,7,149796,32000,10000,1392480,0.863884
mexp10000-32000,8,131072,32000,10000,1392480,0.868303
mexp10000-32000,9,116508,32000,10000,1392480,0.913702
mexp10000-32000,10,104857,32000,10000,1392480,0.935567
mexp10000-32000,11,95325,32000,10000,1392480,0.962267
mexp10000-32000,12,87381,32000,10000,1392480,0.988668
mexp10000-32000,13,80659,32000,10000,1392480,0.909426
mexp10000-32000,14,74898,32000,10000,1392480,0.903412
mexp10000-32000,15,69905,32000,10000,1392480,0.913044
mexp10000-32000,16,65536,32000,10000,1392480,0.918938
mexp10000-64000,0,0,64000,10000,1892965,1.077260
mexp10000-64000,1,1048576,64000,10000,1892965,1.254708
mexp10000-64000,2,524288,64000,10000,1892965,1.428026
mexp10000-64000,3,349525,64000,10000,1892965,1.509659
mexp10000-64000,4,262144,64000,10000,1892965,1.614721
mexp10000-64000,5,209715,64000,10000,1892965,1.607892
mexp10000-64000,6,174762,64000,10000,1892965,1.672459
mexp10000-64000,7,149796,64000,10000,1892965,1.702694
mexp10000-64000,8,131072,64000,10000,1892965,1.805968
mexp10000-64000,9,116508,64000,10000,1892965,1.798555
mexp10000-64000,10,104857,64000,10000,1892965,1.836439
mexp10000-64000,11,95325,64000,10000,1892965,1.930949
mexp10000-64000,12,87381,64000,10000,1892965,1.894998
mexp10000-64000,13,80659,64000,10000,1892965,1.936959
mexp10000-64000,14,74898,64000,10000,1892965,2.098445
mexp10000-64000,15,69905,64000,10000,1892965,1.901339
mexp10000-64000,16,65536,64000,10000,1892965,2.033473
mexp10000-128000,0,0,128000,10000,2770810,2.128845
mexp10000-128000,1,1048576,128000,10000,2770810,2.471391
mexp10000-128000,2,524288,128000,10000,2770810,2.732589
mexp10000-128000,3,349525,128000,10000,2770810,3.125083
mexp10000-128000,4,262144,128000,10000,2770810,3.080852
mexp10000-128000,5,209715,128000,10000,2770810,3.190347
mexp10000-128000,6,174762,128000,10000,2770810,3.358296
mexp10000-128000,7,149796,128000,10000,2770810,3.428236
mexp10000-128000,8,131072,128000,10000,2770810,3.642724
mexp10000-128000,9,116508,128000,10000,2770810,3.684335
