8000 80000
64420 46305
37240 59545
15030 41610
70425 33620
44475 13915
32970 57280
42340 20150
19095 65710
43455 9230
49055 26585
69190 75285
79705 45280
17885 51635
6685 51905
44670 63155
18940 24605
10125 25940
54185 19475
49405 23795
16265 6750
50595 47080
66535 56530
52900 67625
61395 13950
75215 8680
31940 7405
33795 51785
2870 39550
67110 48455
60750 43115
55790 53460
7140 33590
29890 69335
5960 74515
9775 33800
24375 66685
14915 68725
67380 29450
69190 13205
60450 33750
21945 42625
16015 42545
70730 11080
75230 76370
64445 47305
25430 13025
23410 59755
51425 37360
45775 1035
68690 10440
77835 51075
16030 29000
42460 3135
41040 70520
40015 8050
59030 57010
73140 14415
68480 17500
63540 64285
45805 41215
77085 38385
13240 53090
65860 9870
16000 23645
1875 53480
1315 16305
63715 77855
34065 37375
34260 35940
595 66645
79255 68225
16525 57395
71225 48145
76255 28970
45225 1225
52150 74320
24835 40495
38830 35075
4435 13380
11990 48455
21150 16010
63660 29805
29715 21565
2660 65865
52445 18930
65270 46360
6040 50985
23210 26845
14925 23330
77585 66655
47830 49675
55050 53110
510 31715
30455 22290
64810 12210
24755 5505
26670 5060
24400 28690
5440 76315
25625 38940
28340 13640
63530 34890
21285 30590
16390 18075
71585 42015
64310 2230
68195 37105
70225 6190
71940 39785
40485 19415
45470 49940
27405 5885
64015 48300
65320 25360
45780 12040
15585 50015
690 37895
78740 19115
75405 4540
16660 18900
43980 65555
28190 21670
46970 50305
21115 54710
16945 74490
13880 3325
36815 35575
70145 29080
24585 12285
52420 75485
17540 34380
12570 16910
62585 73910
8710 22495
62380 33365
25640 51540
66400 57280
38465 28530
22180 42090
22460 71905
43780 14535
42700 49930
7865 79625
56435 7605
20520 57660
37990 73715
205 65930
79405 10045
14340 24135
15745 76325
51565 43205
27065 56140
47090 40040
21865 22785
53745 39815
22210 270
38025 8235
52670 52500
58575 1910
51675 71135
20490 30070
19160 13125
78575 1195
57150 21955
19095 32555
32290 3775
4280 64735
11810 75150
16485 63975
37800 9870
17320 76205
15540 59660
53110 71695
60195 52470
73070 56915
13860 9950
74480 45085
79815 18300
4075 11580
55665 69395
10995 36180
12795 33540
50710 40075
51155 4120
72380 21700
5890 12945
5090 18500
29270 17225
32535 31995
50360 61420
56970 13420
16495 36065
39845 41940
39795 52500
34450 67295
18725 63100
23095 40160
46070 48730
16855 14030
72970 37695
69255 24240
63330 59860
10120 51555
5270 61765
76355 210
72090 39515
78850 5115
16805 68555
69535 78645
53730 12320
78665 1855
50280 36535
56990 66875
76790 18055
78860 54055
25765 27770
59015 7545
53535 3800
31595 77505
74575 14350
26115 17815
13850 8755
37050 12520
33915 55370
15365 78460
11625 9770
27800 42360
58865 59035
46305 69905
60525 32565
30600 29605
23975 36675
42410 65975
52380 71860
70325 16175
39025 42210
76325 4465
50925 58510
71240 31760
62940 43865
22105 22930
14465 43540
54830 46755
28110 41650
29500 44130
580 78010
56740 69090
44015 4745
62035 76380
7065 28745
50555 28510
59230 8595
47050 2230
22660 62340
67885 74670
74185 36605
47090 7540
37125 8190
30830 26235
52365 76460
24920 9335
20705 20130
7465 72010
59720 32055
15495 43620
33575 50770
29595 66705
47985 55050
69660 58090
33605 18975
11015 49370
29715 53480
15025 48395
6680 38870
31345 30340
29740 12960
54140 34670
56230 45570
35065 64385
16125 61315
52755 34855
74580 36125
20370 16495
44975 27240
52340 61650
26030 31430
72905 64405
15050 22860
46940 6510
28235 79370
68290 18600
61685 53340
650 1280
4310 19665
47185 49520
29270 2190
34770 39525
17365 76690
17700 59085
79355 47040
77760 21315
67945 4010
28585 13080
36230 8385
49070 73710
77375 9465
25080 63445
60840 29530
14910 8105
44250 47965
14265 45865
61405 61960
78940 6145
20360 13850
23680 59640
25165 60205
63450 78395
20885 42175
38855 30045
53765 65020
14340 50870
20400 35380
250 68990
22570 56195
63295 42075
7385 38595
76810 38680
61020 16750
24365 6600
43150 79200
60895 4460
35495 58080
59360 17690
57355 9710
67730 23195
23095 31200
43490 56725
22515 30840
61320 64780
69665 37580
58230 4100
47490 63250
2295 24435
30045 61630
43655 58795
27820 30630
49465 63140
64465 31095
78530 66055
67450 42265
17155 59550
68515 3510
18125 20540
36670 59465
12850 38795
720 60980
48905 50690
43030 66125
23485 49520
45305 78975
5465 60170
68020 46445
28555 73485
9605 5745
19645 30860
28055 10375
18585 24830
70840 34930
73030 24975
51180 42965
36680 20595
58050 33315
52640 76740
25005 67825
77415 53025
69705 52345
74685 51625
78625 74650
56980 6120
27870 71755
66095 12110
125 62825
30780 64330
18990 73910
62285 34780
3315 79555
42235 30690
74655 2675
39460 30265
78015 57645
6550 73310
3495 13205
8730 64005
42945 30645
27945 15815
71075 19375
55455 23065
48045 32935
38350 67420
59070 64310
58430 4495
1855 78350
29925 48830
78390 46125
17915 44610
42115 7735
58760 61325
29550 71980
42970 55330
61135 37560
38480 15840
67920 1800
56925 36120
69175 14180
12095 14610
61535 4005
36575 30610
76810 71640
76555 29530
19580 39825
55430 50265
70935 47805
62620 17430
35545 55355
15070 31195
17410 78060
14250 46315
69680 17925
27795 39100
8820 10920
32500 9315
65330 5405
57485 17735
41130 6345
53585 52490
74775 2785
27100 36395
51960 12450
29955 21240
7215 35940
60490 30255
36245 24180
28130 35170
57990 35860
20105 64355
39705 30930
15455 73125
46820 16235
34740 54605
41020 25490
15065 42455
49350 75095
64770 43360
30570 6385
60675 28720
32065 26515
72430 58935
48010 19290
30660 9195
49145 52495
6385 72000
57615 45435
20060 41885
4390 61310
4045 19650
37740 68720
23255 58595
6430 21975
77835 29550
1445 2075
49265 43780
22520 41200
61260 1430
47720 66410
55265 67715
78985 69145
65480 78735
71465 39640
70380 18185
4950 58360
75590 38895
75265 57590
39215 20600
33780 26710
69795 18905
72365 48950
55720 36770
72635 68950
42855 24045
54575 64480
59470 5815
59660 6675
72660 55155
15105 52130
49950 53895
74660 57155
55960 8780
23465 79740
10735 2920
795 63115
48235 27420
68670 40670
47695 63225
60860 54870
43975 49315
2060 44670
66645 57740
63105 28800
28150 37415
78220 8920
28410 36480
56115 39340
47880 32625
31435 38090
75660 44115
15435 71915
69975 42580
54545 56955
39205 27905
14510 63985
41475 26390
74700 44610
21375 33910
40570 66715
73270 73610
5900 40580
4225 65110
28545 18205
56410 72580
62130 71755
24545 30210
42255 72205
30600 57420
27970 63780
65575 79810
3890 34135
61085 6005
59835 47100
46315 74365
63765 60445
21930 10200
74505 65140
28340 44290
2690 70450
22365 3145
28510 24965
53360 16505
27065 6435
70355 39710
9895 69485
52495 17580
63405 45450
2220 8250
23435 5945
24070 28640
25135 47775
9865 37370
4625 41445
75725 69100
52235 56240
78140 13680
30185 54135
14740 39375
2035 78270
25020 13150
79570 540
38610 33855
68745 47355
63455 30010
15825 29340
36755 58140
62315 48040
22360 54440
47825 70115
72420 50260
52230 13900
5520 6045
42875 38920
49065 15605
40730 56275
2595 24065
75355 73915
54415 63455
43840 9285
16955 46975
68795 49660
72830 77280
32875 69495
12170 54985
7390 75020
64450 70660
44075 55745
26190 72315
62865 33375
23810 4495
15600 43725
59260 5995
40405 66390
53010 37980
65460 30085
23045 2560
40050 24855
5480 140
25645 31725
38250 18440
9925 63105
12655 66805
21590 10910
27160 47235
33625 59890
63920 78465
78130 36550
56190 62395
65835 79855
11560 5990
6215 34420
14580 76325
52715 35850
945 640
12250 7625
78235 2640
1885 71730
48955 20220
50785 21710
660 28635
12180 66870
60325 40525
67665 53830
52415 35645
54395 17760
78805 47035
3525 12185
76055 58220
52095 40675
78180 21640
46565 42950
66625 10270
57500 50945
67000 55765
39190 37120
76025 24500
75405 2530
48780 78550
33540 8990
21700 38530
31195 33625
46955 1080
24090 17195
49220 16475
63070 51340
74945 31550
28460 1665
64990 53625
24480 52510
52650 69135
25160 58845
52150 40025
7255 25725
41975 57435
73230 4820
52515 22070
28195 47665
25710 7095
43150 59550
70810 55905
15355 920
64445 62790
21920 15325
58180 49570
35240 50720
77085 39255
13370 4435
76780 43130
46490 37145
39820 25940
2950 13970
33345 37545
46450 245
28930 61500
10600 7605
73195 57940
32560 79320
52610 61490
58645 27610
44815 51410
46685 34220
11545 69775
3285 5235
25850 36855
18285 1180
38745 36875
21660 75785
33905 10355
78800 73495
41305 21020
24175 44835
47800 65270
79580 46600
22845 75135
61045 67355
38320 14565
46235 77760
19320 72955
34980 70795
13540 32065
34820 9995
50560 4880
44480 68675
28470 27285
39455 13225
18470 70200
70760 72465
13280 45170
60360 32420
41935 74650
42655 78360
55865 67450
44715 34965
79395 4545
43350 59810
1655 16245
41930 46040
15095 77725
35370 4320
6820 6055
77460 71545
35220 74820
68675 16355
23465 47590
57360 4355
36450 41630
34095 58635
48645 1455
24545 10425
32915 22035
5315 49475
54970 72390
6420 64135
41715 44330
70335 22855
26835 61315
24960 20725
26690 615
65110 40400
72205 61395
71200 18765
78765 58005
1180 6380
28165 40055
62110 47155
490 71445
15715 50610
79110 61485
57365 2800
15650 65095
1820 55975
38995 77770
35765 11015
11515 2030
68640 36525
21075 43080
79480 8695
74535 46090
49305 66220
23450 69320
56075 4840
6910 31875
79650 6700
7745 66405
78645 28990
67120 31215
53380 32050
53170 38750
1135 58860
35575 49465
5695 72155
9375 68005
79535 47085
61185 16515
77935 8820
61405 38440
13205 15140
48915 50610
63585 69025
15445 3750
53360 10650
77340 6795
7935 37475
52870 79550
79210 37385
54010 74495
78750 67765
72770 33620
48765 18300
25115 57210
70805 46975
13225 60480
77955 49780
9435 53990
6420 68375
55865 59560
15460 6340
48940 77745
52950 34910
2135 39720
30590 77490
76565 5735
58505 56370
65775 39680
68205 36665
56105 53895
58000 35470
45005 39090
53935 61800
3045 17715
39265 50650
10950 78355
77510 6410
48160 26855
20825 17345
8505 14435
27035 21695
30075 12990
68675 58920
64625 21045
39305 77795
23280 55240
73230 66860
69285 48900
35190 27105
53995 54375
29230 10990
32980 34430
20225 31940
51910 235
43925 35855
41715 62335
3170 7160
49400 26510
77290 14000
60685 35510
76735 11350
25155 72720
54120 10660
3875 32000
55890 71310
60310 21155
34750 60630
41955 3760
2380 65420
73005 48370
58125 68040
18640 11480
25660 36560
44405 70375
64575 9115
32345 76065
54245 16220
525 71980
56710 43005
19060 49465
28520 77710
55170 54100
46845 10255
64235 65905
3810 2430
15765 13685
74410 39480
25545 41190
17560 25070
76070 60340
7490 63415
79885 1825
73100 34135
41330 21825
42585 56270
20980 27635
31780 17800
26335 37305
52575 7555
64925 7780
30915 5270
26890 61095
33955 61645
5320 27585
79315 15225
5115 23005
59995 6005
72200 47355
12725 64085
62330 52630
29455 72040
56160 18110
63230 53670
14635 44855
31360 30885
4865 45185
79115 73235
13135 44005
3455 16765
79400 56805
2755 950
7175 31885
33675 61290
36755 33390
29080 53880
33430 30750
64080 75110
40070 74025
21570 77815
65215 51695
52775 38275
57295 66140
59970 14825
74405 7240
22355 47385
14610 21735
6045 55720
21945 21955
44740 18050
290 54425
16055 15605
70430 46440
9590 15305
38170 9685
10455 75215
38985 2630
53125 18380
9515 56030
2785 43800
25185 32695
37905 40125
44560 17430
59090 41660
57870 69415
66455 10760
21480 28945
71870 66055
50685 18155
24195 75070
2760 2635
31850 57805
76615 37370
17445 36010
64950 42610
17905 20605
68105 67655
23810 53210
26675 51950
21535 66580
69480 43960
10335 79950
58930 48345
45120 59075
10720 12830
26860 19315
66020 9595
46100 44950
13190 58160
22495 37355
66450 35210
13990 56060
61915 26910
45645 10435
51365 62655
59855 44570
5180 1315
965 10935
46355 6400
71555 41420
20915 79560
31920 48095
27065 56120
46250 46620
12945 16375
23760 46200
6725 21080
33790 45680
25685 45070
45440 58770
43545 19230
3305 68920
24080 77330
57415 43155
53175 15385
72145 18855
43230 73080
79385 53120
32165 65925
79515 66315
20235 20160
58965 35980
3930 69295
56255 75280
38605 29200
40035 60910
25360 73165
60595 38230
69635 4235
30730 36440
1520 57800
58255 60160
20685 28115
22805 69005
66510 62900
58705 35135
45580 5205
35695 31185
25020 27440
77355 64945
32175 35630
14335 47855
48025 18395
65890 3720
45040 72995
51720 36270
54520 18890
65955 79750
78890 54955
41655 73590
21045 15125
70180 66675
54610 61690
38405 48865
16830 33510
60295 60750
49750 13100
60205 37380
62495 41375
24835 45670
75525 68500
43865 42790
25850 3695
62600 47730
67440 68505
10700 12185
48175 30485
54835 72190
69475 75035
18710 13660
60830 27820
71430 63905
12505 48240
67120 44850
28470 74060
50810 12820
2735 48915
36680 60825
29700 47945
3155 3695
31020 43900
15750 67700
41050 70630
995 64665
74185 15845
50955 35205
76110 72125
26290 38575
49720 43745
49620 27065
9345 18260
13465 9180
49965 34930
32005 78310
67055 27650
22090 76565
21090 32965
26970 71120
69190 33750
54330 76160
42410 16490
18675 78670
41965 48560
51090 76760
57585 56635
54930 28305
32500 40205
62015 29330
37905 32550
50280 77090
46150 42325
14750 60765
4010 74265
46100 72630
67910 40640
29865 60565
53940 54640
4640 73490
2340 24230
68010 64115
71055 22655
59820 12775
27815 1180
4945 47410
63815 42295
25530 56320
28035 34845
79575 18715
24160 40720
5290 7855
6800 58610
78850 9070
10210 1260
42795 17435
75880 1075
46310 51555
51500 28325
49605 40440
51465 70475
46760 36105
27325 15560
75330 34055
77400 43655
30650 47695
28665 36345
50400 21230
49015 20725
75860 74785
9965 37825
71985 51255
50980 50755
68690 35790
550 10460
73540 79130
13040 21285
50295 59775
51160 47165
1290 53420
62090 14925
45195 17205
68475 39680
78005 8760
55795 15045
5955 69800
12535 25995
2360 48385
77290 52805
38465 75020
35915 10480
35945 21720
63805 69935
51710 42145
8040 35355
47685 75530
54050 53515
7405 23535
25180 17140
10280 64310
33190 9830
48315 25225
65880 66195
40365 45110
18615 25135
14120 45130
36555 68610
62255 61780
2990 69085
77785 73090
66400 55330
46070 50880
29465 74090
17925 24180
6810 73395
62210 7235
13290 28655
73730 35940
10970 37060
66485 32900
3170 66255
26495 54570
48605 73115
67955 40890
10395 36330
22215 46745
9985 74035
46095 7630
48075 33225
42325 11200
8195 7210
45320 54660
78570 34900
45000 22045
73220 41795
6075 14400
62400 59665
77665 66330
1120 51460
52735 65435
58915 34445
57520 30675
72220 10190
46235 26585
32115 67455
42125 59110
28950 30860
2500 18665
51690 19990
57175 64785
51675 14750
69800 29260
12520 14955
2275 30585
135 42430
40915 67270
42620 45020
23845 48280
31140 68250
50775 57460
33420 19890
75455 54060
33110 18515
71340 19365
17875 45765
76240 24780
71980 72550
67105 28665
68070 63085
3005 38635
26695 18090
50635 30490
7875 44130
64075 54675
15020 9625
21295 41445
77960 1610
25640 29045
56315 57455
23320 72125
18010 59995
47930 4685
68630 8470
44210 6110
75515 58925
62790 22280
78915 31355
55160 16925
45985 58930
63535 42740
53685 22330
76705 69535
18095 59075
74760 72020
54270 61485
38100 51755
20960 16645
38965 72335
71130 14485
68910 68755
65675 20750
74295 6105
56420 76445
38190 53270
21580 26930
74325 42070
55320 57350
58930 4280
75790 27470
57795 69195
74940 24860
15740 38830
64730 68730
58695 45695
1890 17160
45635 70805
48545 22355
43550 68615
41430 52995
23795 28395
42000 30775
25660 17825
55020 53560
27350 25290
20505 55055
47375 22055
45425 61240
54830 7315
25705 74440
47835 44095
46865 79055
19655 55350
28355 49085
40735 73985
76610 68345
77715 7750
64250 44560
69030 29410
76310 7275
25290 54430
61000 15000
760 30465
64160 48550
9095 9170
58800 16795
75080 74285
27245 79105
14475 59025
23455 8875
22860 71825
65795 17965
78455 270
30555 41170
59300 15395
57755 55455
11390 11975
62730 70985
17655 14780
47900 34265
29225 17250
64310 72555
61160 10630
48070 74980
30380 43145
51380 68360
67515 46135
13345 78715
28245 12455
2995 7495
1935 18845
70490 260
1510 26610
38725 17830
5055 16070
49355 44495
76530 41805
69195 74570
42210 64745
16130 35780
1985 55725
73480 71625
9050 4860
39010 59985
19820 21995
18985 65320
60470 77085
9630 24520
78115 46310
13605 26295
55195 74245
70790 71990
66880 55450
56650 26160
54355 21945
8515 76750
29005 31935
72060 8585
35175 24255
3655 15630
31830 53075
56455 79300
73475 40035
62850 5285
43215 17930
79175 39000
21715 79930
70625 75235
30765 27755
73025 66240
14660 25270
57885 21015
46110 53030
62295 76055
44100 58880
70455 49535
69740 10860
56015 51000
57980 7365
42420 10410
56055 30940
28150 42880
71880 51505
44360 20845
59480 32100
9205 53190
65970 50490
21360 62505
63380 52690
75485 7120
485 29575
45330 43815
58435 36535
19645 28245
46735 11245
64225 54390
21410 33935
40615 79340
39275 44740
30685 34240
8845 23605
73860 58495
27205 59140
16070 57445
67865 16660
70960 54890
73395 53815
40340 38920
67445 79580
24465 1140
13595 20200
8425 61940
62595 23335
48320 8730
51315 70760
49410 18825
16990 12160
61215 22935
43060 29380
20230 75020
50680 44700
29560 13535
23800 28775
62850 58210
25520 36745
61375 71260
8005 5075
61505 67660
71735 28660
35700 39645
54590 23360
78435 16420
23575 44310
18600 74500
74450 75375
77315 63325
4580 1230
17120 20605
52465 18020
30485 34305
66175 47635
18460 27935
74420 56390
46550 69600
33570 57965
10355 23135
26860 62570
71365 73325
25260 62715
73200 34680
41065 57920
37665 29570
22825 72345
62850 20805
13945 34015
39925 69945
56195 61100
2235 5120
39010 41015
35575 28455
78395 27475
31165 15175
73060 35460
21145 56800
35985 17765
48395 62700
61260 42080
76960 8995
48370 11555
16225 27785
15330 11335
61335 20050
14260 7315
62650 57640
9870 73985
47850 76680
61440 8715
31280 77690
45945 78095
58790 72810
71620 57845
48290 2245
3835 39580
57300 11640
60425 825
56440 63910
72545 40115
58480 45500
68680 24650
53510 66575
44815 66865
43800 26720
46860 73275
30355 19975
8650 65345
79925 13230
15705 58040
31275 1325
45845 55970
18155 47050
23510 57975
9260 7525
74935 42280
7085 6910
75215 62600
3555 3880
55290 17485
59380 77155
60130 66040
70120 62685
40630 64035
20340 77940
27570 57160
72375 13280
57905 69570
10790 31480
47225 4635
46315 45005
4420 2710
67435 26955
20825 66160
36990 10140
39825 56690
31935 14525
26670 48725
40865 47855
53650 11525
27340 55465
33205 37525
73535 67935
44355 52150
75415 23520
18240 62400
63405 18030
60520 16290
52290 17370
70620 75150
7325 43445
6960 26145
39490 420
11830 53690
77480 52580
24615 51985
42615 71450
39845 7800
50265 77260
41735 15635
66760 10345
60215 43405
33960 6750
31205 9200
70595 61520
6475 73905
9920 28980
66470 32930
22860 7900
15155 34635
23055 60215
69555 32675
30710 76215
71510 59200
34735 8890
40415 5590
40615 17915
65240 75570
18345 29945
4865 19380
74560 38170
75625 38725
26640 30770
11365 3075
77600 14020
19945 29675
68855 41540
2425 39150
10 77395
35040 76210
34675 20815
67680 67610
28295 64255
56845 65505
40985 65045
21980 72450
54620 49595
53005 68750
73080 48760
41105 74450
66940 21240
65340 19890
67330 41465
15885 78210
7145 40525
40100 46710
14605 2935
57290 51430
9125 21500
37735 19550
41065 31500
61555 3915
9770 43310
44675 21995
5740 22355
74190 24655
42910 58555
22820 76825
63495 42090
77925 55395
10860 30075
22075 70160
4140 18420
55995 24040
20545 27170
31430 51405
37900 19270
39780 9330
800 24375
56080 5595
74295 67900
54230 79780
51880 3450
46175 21850
210 76385
11555 75080
2725 66755
64395 30980
7660 2775
11875 52575
61755 31365
50975 51810
45470 48180
54925 14940
14610 14605
49650 8640
32370 59845
52550 35195
30535 3950
77595 46865
53090 34160
44055 20375
75730 46260
31300 6615
29755 75085
56360 28035
77750 53075
5305 52725
53990 16805
2220 25135
13980 71450
71140 3005
57325 4275
63420 5435
7795 77715
79200 73910
4635 64915
14545 18610
46405 49740
70375 28660
23890 27860
15790 575
9120 43830
72465 22080
5335 22950
48525 67260
21370 14120
22010 10135
3035 30550
62915 3300
46320 76025
51150 27125
78180 980
30415 28105
75855 39430
70655 47005
56090 57570
65065 24840
1110 16750
210 72160
71310 29720
10290 76740
29615 48885
1095 8715
16200 9790
79650 52035
43150 70510
21155 36030
35070 4970
1915 73335
58930 28395
79260 28045
38130 24695
4725 48955
16265 39390
15335 46380
61195 33060
31180 20040
63910 52875
5010 29450
65985 65650
2795 48800
33190 30715
40280 17605
13795 38795
8645 20365
72950 57445
46655 60080
34515 35300
20020 26730
37530 54850
52820 72925
18780 51530
36630 4760
70045 34020
58505 66305
14285 8505
42875 7740
66585 68160
1465 10800
15750 48190
60150 835
34265 52310
20925 49390
73950 13915
27530 52740
23065 15160
32275 47215
15445 5165
66930 16830
5290 25755
12540 43920
45745 24470
3755 25640
49580 26345
70440 77180
33360 31035
71000 15785
78640 41705
68650 25180
2055 53805
54825 70540
55405 8810
67615 4960
50290 13890
47175 72630
57260 30415
6290 51965
25140 8295
39295 76340
78570 62125
31615 4885
33740 15440
7185 19685
44300 17930
70920 70280
54700 12980
75395 7655
12955 39855
13995 75520
29925 38670
6625 51260
34135 49530
38435 37885
61935 28425
6065 56310
43115 43220
22565 55635
4170 65465
50190 22865
17130 39135
22645 5480
30670 50780
71250 39995
1940 50275
73245 59780
67145 9785
75960 62660
9675 20295
61160 76500
31720 26890
32055 175
9795 38145
16420 29705
57495 12920
64745 51010
43505 63880
71095 12870
29170 52015
76575 71170
79340 33175
78705 16395
34140 48770
39060 69060
57415 1975
59790 23820
2525 1495
73930 59915
6035 77465
34375 3750
17815 19645
62710 22340
39290 76440
39120 31990
7900 30420
70005 79865
67855 45655
29780 60395
44905 3555
25220 31015
17700 67790
64935 46780
56835 75195
48010 18120
32640 65100
79900 61670
28775 56420
72260 7325
11325 8370
70290 8895
31300 29395
71985 22245
5665 48945
11360 30265
52150 4505
74755 44440
56285 55490
28285 36850
52715 8460
37240 18385
48945 21490
40460 22075
4980 76310
38295 57685
54045 59570
50275 72815
14725 66455
44695 8530
37175 79980
52945 53165
5290 6685
15400 32185
76330 65305
24960 4580
64795 32920
3045 4450
7655 18325
75420 20320
56920 66765
71440 76110
39900 58095
13150 17040
30660 37280
17825 61115
12090 63445
23120 22195
18300 71300
25045 77905
23435 72810
52310 3730
32180 48615
70235 63545
1100 750
25605 10635
68670 63990
60445 34430
7990 7985
50980 9195
11990 63235
135 34700
71430 59120
60805 5910
44895 64205
15970 35100
16460 7585
49580 33795
56415 63500
50935 75380
15440 11840
48410 45870
8015 39470
4165 25840
41430 59340
69560 8000
14750 72895
48095 45710
19720 31715
34765 10585
32960 16390
31225 73835
30265 67890
14135 55840
18615 25220
60215 3265
14895 60535
36775 37170
19930 70115
58155 52550
26280 17720
31295 73380
39335 62750
6085 68970
39840 62175
49655 29805
50605 12305
43525 350
37210 36775
35475 37315
67410 14780
62850 22605
28295 11625
38235 33655
25425 40800
49525 14470
39250 25600
2565 64235
5610 25985
10225 31435
37185 56195
77585 5390
42460 19975
16535 72265
3045 26180
73830 74765
63460 1490
54240 14970
74065 64865
59020 5010
4520 57995
77325 76255
21815 72700
51355 57630
53145 20945
2055 35650
39870 66300
24755 54160
24640 56065
25985 36020
8325 54865
8590 18680
4695 50285
47685 38625
15495 46045
27885 21190
56410 61780
29820 49005
7820 11350
67980 18780
48145 17400
51220 52145
59040 11040
74320 62750
21330 62300
19860 49325
44980 26550
50480 60415
34630 49570
67420 78205
60020 48005
69215 8720
49630 10700
45435 61180
72345 10020
69920 59225
45135 46125
63495 52435
19090 56370
38010 5395
53285 4010
16115 39005
37970 64925
63935 57705
8205 41265
61005 68155
15935 40765
62070 55150
15740 25875
47680 39715
7485 68975
21060 19170
41210 58035
61845 75460
63175 5070
51870 69165
55555 30085
725 45790
8735 20895
59560 15740
52350 69160
15675 56790
23280 47025
27295 11480
45975 68640
57025 33950
23030 43380
15475 72195
48620 69805
51330 35185
18115 18055
27830 15095
53530 2110
47875 31285
48885 21010
66275 78555
21370 34200
50135 6845
59465 43600
53120 32005
43365 10580
78885 43925
50470 51005
11710 4830
75750 79940
42725 42220
4200 50845
26085 30520
33950 37160
63505 45820
68210 41620
10970 8540
50710 2950
56345 7640
25700 3010
64775 60035
70510 72985
68615 63905
32690 17800
4545 2080
61090 13875
15535 39675
45195 13045
60295 38310
38515 78220
72330 23665
60650 10285
13895 29310
12095 79720
35760 55340
18550 13185
50800 50645
12575 73550
35595 60360
2120 47920
1175 52535
57870 52480
32610 52710
69975 15210
1235 20330
22230 42560
5335 9600
66030 50010
39725 42310
62210 35715
30510 44345
59710 59565
68810 27675
17945 34675
70025 32900
6300 61995
77335 53025
9620 51485
9810 34955
27500 3930
17185 11760
10890 51510
76105 43885
16260 11610
19055 2295
850 3330
56395 65760
45880 73335
23400 57335
41765 33695
30220 38815
24400 47255
33355 30965
21560 41625
50550 15175
52890 57805
1000 4805
46075 40905
63475 69830
78805 11150
47285 17370
38380 13230
7290 4455
40465 4765
61525 4860
54490 2945
19175 4900
54390 54905
40030 14475
47770 30040
420 37260
66035 77905
76690 21790
33725 3685
41640 45410
27155 23000
21410 76800
41540 74050
31950 38865
60880 75900
9305 31475
20970 14300
58195 72670
42265 15250
5650 79120
3475 39860
18055 5790
54830 74810
19715 79100
25505 53870
60185 13600
68910 39075
14440 20230
14420 48450
20645 6635
2690 74515
710 67110
73525 79905
77675 63255
64890 24850
41430 27770
69980 60470
34125 75810
21705 68750
26370 10250
16305 76515
32720 4835
42390 56990
3845 34075
47440 31625
3705 60120
59625 47035
43860 79490
15985 29865
64035 36740
52960 21100
17430 69115
49830 7350
48500 55630
9500 740
74595 35930
63995 25045
2855 44270
68655 17895
38815 72170
6575 51410
30935 13635
22940 50075
54780 9465
63925 36835
3945 16225
63170 50020
54310 75350
7285 26410
17450 22395
64605 39290
45285 29470
25840 18210
71785 70120
29180 11180
17805 16680
49195 44040
52005 4565
46035 59290
21450 18980
19325 42110
58375 31380
53890 48270
36095 59485
10265 23355
35845 68395
77160 45825
64680 49300
70105 32535
71105 36825
14265 78415
6480 68525
23970 39165
53565 19685
57005 35445
62460 11660
48980 28460
445 66770
13900 32370
24285 73120
17955 23945
49465 68055
60295 17655
66395 35255
34275 29435
19500 695
53245 62450
24965 65425
20765 75000
44180 18205
10865 29605
65770 18040
21090 57535
58645 59495
2145 68615
41440 32280
9160 52325
24050 32840
56885 46220
30260 13680
60590 48145
20575 17895
32435 39250
75595 48895
70415 54660
39230 77600
43380 61290
60780 34070
11875 46810
57210 14955
60980 49730
63485 9045
69135 29750
22450 3000
34410 45695
12600 76930
78110 53280
24870 18830
28060 72110
46540 35660
50670 14565
39805 45850
45635 65685
22650 20330
43815 54875
20550 15200
35255 45225
49855 79940
5845 40900
52740 23620
67485 49500
67065 8020
20050 21490
52250 33240
39180 61030
45460 57995
65505 48000
34345 73690
41875 54720
21305 9875
31300 52795
27290 60180
75450 39950
31990 5880
7600 25655
48260 79580
31640 49205
72590 68020
63570 52035
12240 21205
36140 79670
26520 23835
19055 25270
54815 30195
73340 67055
2640 36250
77775 70180
72875 23510
59515 50810
2765 53780
44515 44360
43275 32280
7195 1165
29110 11155
70550 53235
66245 26435
59840 59970
2630 21805
21455 73510
51915 23900
59650 77935
36755 54535
4420 34340
33950 66780
57850 28100
66290 57955
2705 67875
72355 445
5610 25580
5645 8315
66735 22315
40765 28990
70275 41775
5065 50925
46470 6265
31550 2405
32965 7600
62150 69705
60660 18555
45765 53345
12295 53970
31320 2445
51815 40955
7520 17770
21205 54580
33220 21900
40310 54570
26760 32585
12405 55000
11420 73270
14315 78310
16360 25950
165 54185
51460 66590
10595 34070
52765 42580
7285 4820
55575 25915
4445 77710
61395 59685
30675 71160
68210 75445
19620 7010
20090 54150
24850 78950
77970 43865
33675 54110
67530 26630
44110 45920
64050 42120
74800 71775
16120 20375
48820 11430
69800 11015
3235 65180
12400 55035
53400 62900
20810 70805
36185 25205
62530 41810
29880 47485
7065 17915
37640 64660
1740 37815
62745 38455
77620 79450
27135 34560
54460 26070
42295 60470
77245 46190
42980 66660
44680 53330
64830 60875
6650 19805
12865 77510
28540 8690
20810 72640
54805 13170
15680 45335
38430 4820
32735 48465
620 62235
25535 51755
42715 50195
9205 17060
48625 9935
58740 53595
45270 75220
27630 26850
20090 165
30620 27690
37300 18870
7795 77575
73145 44810
29810 26135
28530 69770
12585 17770
56285 10775
41570 17315
52670 20495
68760 3310
69055 26245
19455 7675
39400 62185
19410 21475
41935 49825
75795 57530
20340 33200
37565 68775
53090 60525
10140 58565
67125 3930
71200 71680
30820 9420
73560 30005
14785 31925
49845 59115
22125 32000
30915 31105
66995 13015
29965 2075
39545 61455
43255 3725
22660 32460
56960 4750
17780 18535
32490 49215
30705 60900
7600 60900
33205 10740
58570 5725
42530 49605
23280 43975
15495 11085
21030 34355
35685 35005
7750 55255
9330 39775
78220 1760
72165 60550
5330 22470
49915 1910
49610 76470
51500 53920
71915 30655
1320 60435
8255 22795
75275 36475
18615 39510
1775 48555
16100 79725
28510 72940
53350 10610
53545 25750
40565 12275
64335 55900
61330 3075
69760 16715
72845 69715
72145 51240
26400 61455
79375 70555
73775 14585
29245 34350
22090 13750
19265 43390
53225 63510
26070 79335
61070 61730
44145 49930
53355 50320
8720 20465
58720 41650
4980 45820
77560 37905
23420 5960
14590 64680
60315 60210
77665 63110
54610 6560
52540 7660
25365 42815
25075 75940
17105 42540
39550 21140
24455 58760
23185 41580
17620 69680
61245 45525
26215 77055
47120 19360
5650 79570
52665 54315
74545 9820
29005 10605
8835 65555
40585 45170
43860 23060
66270 37755
8740 73275
3245 23240
39135 1210
42725 72925
21615 2015
62740 45840
48705 27380
18915 73980
37590 42755
55170 4060
65095 23210
45380 61215
39510 49140
45425 14015
29140 37225
43125 4460
5170 38870
50595 37530
60755 50940
74505 4275
50130 71330
63635 36510
20980 14305
33565 36460
68470 18670
30625 42625
47705 56930
57640 4400
28030 65795
54370 63125
17095 49620
1220 22060
10390 42055
68250 75865
64080 66535
2390 52985
76570 11500
51945 6335
39270 71430
38255 67745
31430 20655
22765 38950
77085 13840
2305 64090
60280 68270
61455 72945
20655 62805
46045 59260
47725 68040
70595 78385
34735 76370
16495 1760
42315 55180
2095 74270
25095 77185
9430 15435
54220 36075
7985 49220
760 31485
41755 70065
27435 52365
76980 59540
57385 8105
34375 42965
2645 30205
78330 59115
11975 24725
63085 46015
18595 21935
6030 74150
36165 17615
25220 13670
74940 10630
1435 76675
41890 50545
21150 73085
68495 74315
29605 9155
52190 29035
5825 7750
76640 13095
37860 72620
27740 21915
9125 30720
59415 69585
23135 42550
67425 61825
37780 75490
2335 45905
73280 67050
28215 74165
19905 46825
10960 43740
43965 10650
6495 38320
25600 8940
3115 54425
4340 50255
42885 32690
2760 24795
40315 67395
78060 52835
40900 48005
42250 5230
44445 19970
53790 645
48130 110
75640 46940
61770 50225
53175 40255
78780 12900
43890 37935
14700 71515
12245 33155
6730 35415
73770 57860
68920 22695
2210 31285
51825 12070
71870 65140
38155 12195
38070 31045
5030 47130
58200 12870
77395 21165
22395 39445
18460 65925
57170 20900
39575 35950
62870 42430
9340 15765
12120 39670
1745 45190
79465 8345
42630 46855
3740 64540
43395 3465
49905 21720
16760 29755
31755 59635
25635 13395
76895 6160
77575 27970
21065 59120
72535 73240
57235 35520
37985 62135
52890 15345
60360 26475
10500 54980
9285 29495
41400 77895
79015 36740
23145 35750
75385 34060
12270 71955
60910 37370
49445 78815
79070 29780
21735 41985
32690 4875
58370 67290
7575 18305
54745 1415
61730 20720
73410 48950
52465 10350
65580 65635
54840 14430
55750 48435
48840 31965
16720 62145
67365 16365
43115 11145
24735 50405
8905 54740
45320 24665
64135 27690
34615 15
15645 41650
6955 59220
20125 17360
58360 77315
48125 67235
1705 41910
55430 52245
54255 45430
32810 60655
15100 29050
54340 50595
6355 25700
71730 14690
17125 69020
16775 22915
66110 70595
37030 76140
25000 73580
7985 52560
11700 21420
30925 35555
14830 37530
41130 37630
26140 28805
30245 46310
56325 56955
36535 27980
21610 1085
28285 34495
13420 30545
29055 41400
71595 51870
57035 77235
12435 52490
74735 27980
49410 66450
48785 47250
9200 56805
72395 38085
7305 19665
30115 76210
71420 57970
35485 29305
36120 67355
15120 74660
39985 40520
16485 41180
56120 33880
61075 5950
72920 29130
27310 60100
26040 13025
68055 76020
16930 53165
24985 21210
50695 69310
15685 6090
58695 18135
14250 18180
64500 67130
27325 48170
15045 62420
21825 27835
31675 26865
54490 59355
52280 71750
62275 63835
70560 79715
14800 39045
9080 8250
36830 6430
58235 33465
10345 35925
9505 62050
15355 780
25860 1405
26390 79665
71255 1420
16570 33765
60490 14245
32205 15665
65970 12750
1720 73680
59445 35060
38115 54330
41095 56775
10490 1835
33395 25260
8800 18220
70185 77660
53685 17495
74380 41565
61200 55445
23905 5625
62940 77725
44330 20520
23010 5250
1280 16655
30570 50705
63045 10295
32250 39545
14940 14710
23470 71375
61105 27145
51580 24210
71495 78725
67975 9775
58765 57510
65365 54375
68385 3100
35360 40320
47445 65060
52215 57365
48280 47100
68995 39100
38795 69095
56050 47480
51255 56725
11045 26865
76230 9935
29530 71280
9810 24130
460 75745
79460 55115
33920 10305
47020 76820
50220 55775
30395 7915
73890 44360
30430 25760
55835 56515
6995 70095
11935 23495
7970 71110
8465 15765
30905 78195
72365 27845
57815 15305
45070 43600
39325 7550
32545 61460
29310 70000
25760 66750
9005 2280
1625 10730
56635 4420
43535 4305
43460 70365
28185 19320
59985 55960
33295 13975
71535 24565
44140 23865
2355 58115
55430 26920
21830 75360
20910 17310
51115 12530
47330 34735
21535 16350
30325 17050
51385 20425
48735 27145
75205 71130
34170 15630
56550 8730
57950 5060
46255 4400
39450 17270
79945 3160
61920 6810
67750 65080
48875 50180
77210 38105
64105 1325
44640 9060
44510 15025
12210 51060
34280 20100
16810 33895
6150 25960
48325 50840
11925 70685
62715 3675
7310 39380
21995 56965
39060 65505
20135 61285
59220 54440
49145 16205
43100 11085
74390 17300
59305 16055
65460 10415
3055 71375
66575 25510
28730 6020
36680 39460
62710 36775
77300 44100
30260 3375
70945 22085
22450 45570
6425 8825
32660 66380
70105 72225
41535 2800
12270 56895
42280 50255
31105 38950
42060 47945
5025 56555
50165 2240
49240 25030
20120 55010
37545 17100
66295 22325
22775 4290
63615 24610
15845 30810
75645 28390
76050 34150
38860 73280
47855 77585
78550 50065
63735 8845
15685 47815
67390 9455
39030 32535
45615 49415
70430 48610
48360 65420
75600 68345
34500 13160
12460 47930
30980 17705
70525 29225
29430 66860
79580 30020
19270 31310
70710 63980
71300 9685
44550 62545
11730 43435
79890 40555
57505 39460
18135 31205
40050 2905
5745 10335
75210 25990
63865 61905
17255 47090
46310 10955
7665 35100
62915 59085
21625 76525
22060 62890
25980 70955
42325 58090
75085 19380
10745 5510
16735 61910
50195 30905
54620 25670
8850 69695
6155 19010
69385 9635
35405 20830
66200 30780
38715 58085
62015 1130
18865 59855
42025 60060
23750 23935
28115 77320
21845 3605
17760 5585
54480 9450
32155 14820
50070 38910
49635 48795
24430 33595
33685 74775
10935 60410
39500 78930
33100 48535
4280 26500
44595 71535
17145 65210
15425 65580
11600 48525
17740 29340
55210 27265
78740 17290
14345 39640
1640 3230
75740 58440
31665 34215
18400 18070
67785 38030
12140 1825
53935 29595
35200 37180
64365 36755
32765 45390
41775 44970
12555 42240
32545 76480
58245 52925
41295 59125
7495 77000
3975 30475
65 7630
36440 11875
22830 31195
30980 62760
42855 40175
56760 23835
10595 33295
11770 13510
77775 65520
64555 59330
68645 32860
19530 8805
57415 21620
29355 52525
49250 23015
20520 15975
39635 15355
71270 17945
45485 77745
29395 28670
9220 67850
34515 27135
26025 23335
4215 48775
30490 13435
28625 41510
42530 8035
77285 56545
45315 16755
42275 55075
34455 58050
74935 59175
8155 74020
69030 60780
69940 8460
8905 34300
51290 17410
19895 67390
68295 16065
68175 77585
70475 41615
38945 18875
41585 57805
33230 61905
47895 74135
39520 43575
48525 54870
10535 67570
41895 42375
13945 35755
3925 33835
3225 59930
20575 74575
63300 53870
8455 14495
31300 24160
42500 45225
22575 31140
66735 5875
27080 59490
80 36730
27710 68140
70995 27945
69380 17595
72795 65400
48900 32595
7740 79590
66270 15290
20750 59160
69575 650
14370 23645
13990 50620
41415 26185
29605 50580
30130 59970
53495 9575
72090 72500
23880 65975
20095 19615
27170 42750
41005 61505
2265 72950
67005 37725
79450 78710
30530 9490
9415 16465
65190 70265
4545 60845
40390 79545
44235 59045
51675 70830
5130 79640
51795 60990
10720 15630
54880 55925
10770 65765
49140 33905
60635 55015
44925 73270
24945 7290
57170 3180
52680 74515
1245 79485
9280 72285
12960 3885
22865 20630
51195 65905
55275 67450
46090 57395
70925 78295
975 8415
58855 42935
67960 55460
73390 62820
78095 78565
75935 9450
20940 35775
41905 60070
79385 8955
14845 13635
30650 32875
200 71245
41070 19360
36805 6155
7545 74645
73435 49180
34775 29935
74965 42225
36430 73755
53900 67190
34735 19120
23800 52470
70660 57410
43345 29765
66945 10445
38065 14695
72915 48145
11560 56355
37980 75520
38705 46590
39720 33230
71910 7570
67265 4905
23525 45585
60200 61145
7355 60975
35655 42485
28290 40650
13460 12935
11190 42020
69120 75215
20580 6125
4510 18125
19980 52290
49865 14765
48690 50400
17035 14190
27840 65530
905 75790
24965 40300
67095 68140
44410 67280
52510 17845
12205 27485
40850 65060
36990 520
43090 55760
51270 22410
3485 15975
32685 72420
61160 79480
50550 25190
62265 2970
13840 77955
9805 27730
5485 51170
45835 60525
30310 18820
68850 45775
67195 55550
28560 38365
45755 64395
1420 48485
68050 23125
20475 35800
20825 74955
1720 20060
77095 57420
77440 33290
30465 15150
8060 5525
71690 46245
14060 43555
500 56020
120 29495
59320 13075
24980 16405
6310 55255
23185 3950
45640 73730
73570 14365
23850 33125
60175 36990
18265 40040
70000 5680
32825 21855
45500 54570
36560 63915
21275 10075
55710 21490
22670 71945
49500 55500
27370 38930
53320 76230
51495 45800
38735 52990
2025 9840
68220 70225
6500 63710
34645 53645
25030 30090
6030 32870
50745 13155
68295 79995
67175 42035
3275 79310
64170 54020
77655 66200
47980 78475
14400 54540
51560 7015
1965 31940
39750 40505
61610 49945
41475 71905
8045 48535
62155 57700
51745 34085
68930 58300
3385 13375
44140 73195
52300 74630
28510 28335
40035 6810
41665 78745
42525 14425
27975 74820
11660 76445
53040 77145
4975 13060
4780 72175
11330 45105
8680 19225
9700 79910
36505 34130
10580 26950
19265 51235
66585 54935
21210 36780
43205 27795
49295 12015
41365 28870
1470 7825
63145 27695
16500 41820
33440 4020
32385 79030
70915 46670
25690 34540
10180 15775
24330 46680
25705 68575
12420 16515
3280 76770
9790 26840
71890 41390
5795 67740
40425 58770
3040 17575
1735 12695
6080 3510
29655 36625
13840 75050
31730 11370
53400 70780
73270 37105
51565 75550
37235 38300
59825 5190
3755 67025
1695 32915
73030 20995
71070 62115
70865 25215
40690 79180
41640 23810
53970 75785
31525 14890
31190 77910
66230 76575
51990 22000
57640 25315
37865 32895
63770 53360
66420 16145
76565 36570
20340 49210
59015 2040
36375 27770
60770 24025
34235 62810
75815 65745
63255 43180
71675 66100
36845 49380
4470 10500
77540 12775
16020 37360
1690 4240
55115 17340
39440 52655
28625 10000
9695 25090
69260 54600
34270 77520
60810 56985
1080 48400
27425 11005
9665 44150
19970 69580
77075 41540
8120 27595
44195 14570
77170 39810
56670 60125
1785 50535
48940 56985
5820 13690
7810 52315
25760 38795
10140 26520
6715 25530
15830 10525
26800 29425
64525 6560
18720 40580
15755 19275
18595 54370
22860 9820
65185 68030
59590 55480
49795 35780
79630 24410
23865 6395
7180 6510
79360 79455
10470 63355
55790 17650
71710 48400
79855 44285
44025 17505
24065 44670
15575 54200
38150 68560
7570 12625
32640 14310
42185 76890
70720 34435
4915 1395
61545 34755
62405 49205
39545 30990
17760 67945
23780 5085
3325 28740
22890 38405
16080 24005
48565 21325
51755 27885
39640 60805
24610 47880
22350 14525
65630 22895
38565 70895
10285 66570
50155 35320
59250 4575
62105 67705
78735 75650
20860 21795
59440 16085
42005 8030
76025 45690
53400 1350
61770 34430
32520 64530
33110 6155
49380 30920
72045 74670
2075 42965
77415 75485
29005 77445
22280 36210
35515 71660
13600 19360
71025 56720
69710 13175
64610 53150
21800 43625
2860 25750
79275 72805
24775 31950
31165 67490
75260 32910
40760 26495
21060 5980
66685 73710
22490 46625
9640 2720
17970 8950
78675 10565
55385 60695
71570 950
3665 66135
14845 64810
62510 67465
11800 59665
8585 10335
65405 16335
48770 18830
60675 63025
41505 79845
40070 51750
8805 38000
14470 64845
43040 8145
25065 4985
27455 72975
65395 70270
4210 68045
37920 63470
48720 30045
66055 31085
3225 78475
27720 24265
55090 35660
15565 42455
3425 53485
42755 49695
20300 6735
10985 21105
67350 27585
32975 65150
19860 30515
64450 39015
62015 59205
49345 22370
53455 29955
13225 51290
15630 68550
68930 3115
29460 25130
59115 65110
47040 78605
33560 55130
10080 13470
49305 715
32910 55700
64190 73775
2105 17650
71395 58000
62155 66650
74730 49610
2150 52605
28075 74835
61305 18440
24605 49535
49215 11950
54705 64885
61150 68395
50845 52720
46165 65665
2980 10310
47275 52115
67955 23610
23700 1820
12720 44245
50395 35910
53405 77900
35530 4345
13270 65420
61300 36375
59510 48680
22840 48660
10925 46565
39115 27085
19340 17550
8735 23255
25720 68255
12085 72445
68170 77555
27375 48215
77700 9605
4865 35925
33645 21560
60 8630
11405 64080
76640 41685
71435 2525
73790 2840
5865 38150
67490 12515
17055 70950
71950 12220
66880 48460
3870 40625
37955 58035
495 55450
53490 53340
33660 53925
71275 49860
19980 36395
78230 7065
38925 5405
43855 30585
43770 77835
75125 10560
75430 79835
63760 54595
56685 13880
69110 6330
57385 74030
980 68105
23095 8310
73660 78305
36820 8535
33565 49170
64135 41880
9690 78640
5145 51385
31205 25775
55515 60370
39395 1285
35725 46820
5900 60380
76855 38865
215 57355
28585 8820
52765 79490
16200 19345
68360 40925
32510 67850
27940 32720
49685 13535
50015 10795
15700 77825
48305 71160
66590 4075
7370 77360
54405 31050
17780 13275
75125 47995
4310 40345
48125 48680
71030 29240
25900 7445
6575 10070
71860 55750
21095 70455
46995 61685
48555 52900
44285 36980
29535 34450
41430 19990
56455 70555
4040 77280
9915 31730
8980 25360
74340 10555
73005 8845
16445 48960
36885 34795
400 10200
54870 76480
69860 65000
37210 61570
1700 12570
65910 22100
13480 6265
63260 39125
70710 29690
10375 63450
24000 45215
10890 46375
180 42915
22675 42285
57330 77390
18555 62555
43470 74970
71950 61700
48615 76560
35995 67970
68715 73335
14525 56225
49050 47495
42765 2205
3000 31425
72955 26845
33315 33310
10385 8310
67230 54755
50315 43630
52170 18170
3685 30625
26390 1155
61080 17805
58925 41680
59765 825
51610 42295
36230 5390
59040 61220
68465 40145
9775 10465
41445 61670
24705 31145
54135 9510
54635 49070
32585 5730
6685 23555
47070 31135
56110 33555
24370 29140
38650 55385
50255 57235
28930 12395
43870 32435
11745 50215
31390 30000
38015 74305
54495 5630
49535 35630
35035 67020
77940 71150
12590 37625
11260 54925
31985 19200
36655 18810
64270 36880
38380 25780
75280 26070
51605 69800
58985 50785
54225 26930
22675 74840
39560 34575
10065 51280
33130 10455
3910 8720
47480 73860
76755 4025
20210 57905
66255 70870
42200 1380
45775 64405
65985 25205
31550 36730
22030 22100
8170 32240
14370 34895
57005 52800
38470 31305
73530 76835
28440 51055
46570 37280
570 28965
13485 70990
67300 78750
54955 5020
4580 32620
37490 18305
4140 70045
71770 3360
3175 54885
17850 64930
5200 13195
49205 33940
56735 11270
15495 52410
60380 31480
42285 75945
42860 37410
49730 10635
9480 64345
60240 3725
76170 48525
46950 49785
54855 74905
17725 14000
30545 23670
55995 42720
59315 12540
61790 46660
5990 66535
27835 28285
24600 55820
78585 14255
47085 39220
1900 13320
26225 58570
54220 36275
13975 60575
49800 65860
6740 58715
63280 46720
24460 31035
62705 45620
36770 70755
53595 11430
49245 76470
48015 26240
12480 53505
21430 10610
3070 56915
54915 39655
60265 38530
12495 59580
52290 42280
37350 42070
69360 74745
67150 57420
27000 66435
24405 14885
8625 7480
7895 75900
42480 37695
32540 17575
55115 38120
71220 10570
70920 12480
32050 64140
51190 60
79150 5310
1690 55760
47595 7230
20490 42530
23875 42790
13955 5685
32230 28930
9125 34825
47275 62450
14320 77170
19855 57270
55590 6615
70945 73775
54230 69395
26005 72715
58240 40210
65760 62025
64080 46025
47200 52195
48005 68105
48835 51150
59460 62335
75350 55245
66690 39990
76305 5120
74810 74710
67190 45420
52255 46570
55485 70720
47075 30865
16375 32435
47375 63210
24855 470
49765 40775
65390 60910
52800 39060
15325 62915
45635 60940
67865 4925
45455 34870
70425 8605
34385 74385
70310 43180
4695 33260
71410 33305
8985 7395
66525 37325
69785 68900
49015 17575
5870 37365
57010 18835
57320 425
69490 47805
25765 24815
51745 19755
73495 33180
70670 36140
11195 19290
35695 7510
27590 53655
55165 48000
47500 4065
41670 26045
42580 70785
49690 10580
42490 44120
47595 34605
61470 53850
10895 46775
20585 47325
69690 58005
35800 79445
59445 21745
53850 78105
45260 43125
45185 33370
26830 74455
28435 25215
55470 65640
49925 76155
67875 15960
9905 39875
31315 62240
46955 71650
18230 71030
60955 49010
15085 62165
77360 36810
6215 28460
44625 45245
65465 49470
13870 39270
10175 49555
35285 1265
38970 40275
68445 2980
38840 67960
275 15790
44385 5415
72160 76870
38560 20930
31915 19500
65590 78835
41150 55060
21895 56980
64140 25605
21115 22480
21605 23500
60075 49730
8295 20925
58170 40215
10620 58360
69980 36735
52835 78935
53800 64540
58880 66865
44710 18130
51700 24220
1610 5535
53770 3240
21295 77910
77065 55545
7110 76205
11365 74680
54755 46615
74500 29635
53235 65020
43960 4650
19300 12395
40735 39060
6615 35420
59430 20625
64700 62680
43145 7725
74615 63625
49665 32050
16895 64635
14635 36330
72900 3510
57105 67495
60780 14490
34035 68480
39610 21160
33530 49105
47985 16850
63860 4030
21625 10260
13985 36610
43965 52875
35895 60850
69360 1820
74610 31355
69760 22690
60720 60615
51155 44880
17660 74315
30605 20530
15975 13880
48735 30000
58910 33410
16240 19000
72570 12915
73565 48150
77150 79490
44855 41220
71180 74765
28110 19250
3800 36830
68665 31670
17790 37320
37500 46410
14035 74520
49755 68325
64220 61745
29985 76815
72165 37170
33545 77365
72130 35350
11095 39655
7255 77045
79275 21210
78840 18805
10665 29900
68115 17920
22730 21675
60025 52755
68105 7020
73160 38805
67310 45635
56285 43800
13450 37505
34185 60775
61415 73895
34615 42730
58395 43495
48840 29035
55860 43675
68945 15230
14575 69470
43570 43625
14400 7300
46565 57255
30475 30090
33960 3265
47260 70500
18055 26380
65335 77160
73130 39170
56500 4775
16970 13685
3295 13675
21660 66500
60105 46000
42305 21810
5380 63440
19860 66100
8815 1315
15760 60105
12620 9890
8695 39855
30180 78850
47310 25555
43465 54220
6510 64850
45505 39305
1020 44355
75190 42385
41400 5545
79660 77600
54560 66170
77440 13975
55425 30010
76010 47925
38485 73950
74255 54430
8930 69930
14050 4020
75875 43820
70680 2305
49720 31605
2605 75570
39670 52230
74665 7725
59600 17975
24950 40915
20605 52325
74070 62320
4740 39310
65490 34815
47300 76500
62500 55510
6175 42670
77210 77510
50500 71815
23275 17265
1095 15790
26625 71910
13445 56800
1220 3885
79375 46105
76550 62950
75420 68000
40145 79465
26300 57090
37815 25765
47225 17380
70985 17215
57130 53875
77975 51740
76930 22245
46830 58795
52155 76555
74410 69830
52775 25395
19075 41365
57025 40610
60870 55885
52725 6600
11195 63785
57800 40820
26880 7430
13715 20565
18030 29145
8140 45205
37925 50310
4715 38465
37540 74470
45680 30030
10215 55170
34810 39055
73425 36685
79685 50075
1235 50965
70620 66625
61385 71915
25420 16145
38215 35985
26705 27900
10675 15090
42755 34365
78740 72740
35640 24445
13105 62410
23335 9645
28780 68895
43845 61500
25275 74265
59415 23765
13810 19375
53255 3295
75480 4210
23740 15870
73740 55475
5800 40070
66920 55385
45650 35330
49740 47385
23380 8135
4545 29035
36360 20335
15045 78060
71110 29095
13945 33405
16445 8760
56455 20265
74430 44505
55970 59385
76095 18785
40525 59975
11045 77105
29505 25050
6750 69395
38640 34870
54830 30275
2150 58855
73565 685
75410 14810
30410 31335
52410 77090
43790 75305
62600 5605
48160 67850
21730 11950
57000 55615
60830 43465
46445 38335
32945 15475
58445 4855
20140 20355
16090 72115
16495 14360
2745 58130
20975 65920
25850 4400
42370 48030
22440 79695
51105 25440
25950 29695
23785 27510
1125 66740
64350 53015
15420 65075
27035 11885
33015 20970
68545 57520
37165 65705
42355 4055
54785 14285
62205 3325
29000 32680
36750 73915
61060 13560
69445 5665
43315 58055
44470 40595
58645 43640
5590 34085
73775 59575
34770 66130
4385 38195
44635 69610
23715 46025
42515 67790
77250 17750
29680 78420
53435 39915
59470 40090
39025 25085
58970 30095
57205 75720
38140 66235
69295 6935
7675 44140
55065 36505
70200 4610
9785 4670
67920 24215
69040 61640
20315 42290
880 54430
45705 34675
53190 36640
73785 105
58775 15255
50925 8755
27750 9535
62130 6300
5370 50915
7310 41440
62675 56375
39940 47585
42595 19550
49845 50745
14235 3965
19085 76120
66330 64460
5985 28470
60895 15620
17595 35230
62430 19340
40385 15265
70695 10735
45850 24140
74080 40925
9055 30395
27475 12480
36475 38865
45555 3190
18295 76980
40720 66555
18235 41870
21020 70975
71755 39905
31340 22815
6785 18140
4325 29520
20780 49150
22400 24615
73300 46705
69390 47525
16775 50070
8285 69805
60280 71265
475 57280
19095 57230
8760 53560
35905 7860
23350 27155
74590 14930
72955 3665
1725 43595
45205 76685
57270 13700
9705 70775
57505 71785
48655 53885
23585 47495
15525 14245
61700 1355
25335 53485
79010 38185
35005 15740
71950 77035
18570 20115
48265 7970
13900 9995
69930 50005
9920 53855
19375 26785
77785 43380
78490 40870
46435 13965
30790 49055
70555 13380
21545 79340
7760 41105
78835 54450
29270 39705
56655 53935
58295 70990
18315 41665
78520 67500
75995 58035
63085 23670
15525 45400
17670 20080
74680 14520
58965 30020
78495 29495
68040 13005
69985 27550
64850 39005
23160 40710
36215 77810
53130 3840
74785 6050
25770 48185
5685 36670
46275 3140
55535 13790
60245 61885
34425 69365
18495 37755
61455 74355
45625 75785
22820 40480
36870 24510
17090 61270
58170 48970
26890 10375
46275 1405
31570 17740
18460 14985
39225 11210
64825 60820
33835 74435
20020 27450
40455 57840
63850 17065
73410 7235
56445 26715
13710 22625
14730 3095
53005 1370
14195 76360
9120 24750
17000 38985
51595 50305
4225 30
10755 26120
15710 26150
15320 60670
53795 66855
46810 34010
72155 67930
43945 49645
63965 26570
13775 53115
75590 35100
49205 69130
49885 45375
10 72245
13220 3220
73350 55070
11510 38490
70340 78665
16475 43725
35575 4945
46285 46765
65630 11525
60825 61845
13215 34260
41680 75770
50655 77900
11850 28120
69845 42330
26715 46455
30280 12945
21165 6675
42470 16945
29495 7285
33925 37425
12950 52665
53810 36265
63165 48205
5740 17390
46750 55715
56810 26175
13680 69070
67740 16715
77570 61960
22355 61265
58050 24500
48805 13180
57255 54995
19360 24240
43295 17660
63985 48955
460 29380
75710 36855
58300 58670
40415 4890
8010 20380
56120 36955
12510 60460
52760 15610
30960 27160
55320 12695
64360 71350
16435 30025
61565 67465
28685 66715
42970 62945
1870 38395
57445 47240
54060 78645
8555 27820
10675 30930
63050 60095
10895 4820
4450 19960
64180 72955
34900 23885
78300 14255
18440 78905
45335 67070
42225 56405
26885 32410
28965 33740
22170 22755
67140 60100
72140 34315
44955 8355
47995 71190
13395 7615
77740 11375
6950 24550
75965 72865
42575 48110
55230 41355
14035 10360
42625 56600
30380 20770
45455 43980
41460 37640
79540 12195
4030 79460
49065 49410
2605 15330
55020 65930
25395 29485
10380 48180
2285 15565
13745 13795
7600 12370
17460 32450
69365 66930
26015 24640
11800 49905
26135 235
33305 58255
6135 43940
21430 24775
45360 21535
21740 38720
74635 58165
62485 55795
5320 41520
53960 72455
48610 730
6365 1045
2465 255
18560 59830
5045 70190
30640 2810
66715 24125
34430 29520
19710 39660
27615 30855
15920 47765
40570 53240
79785 64515
18870 69950
41535 4820
2825 20210
65345 58895
66075 64470
72165 50455
4600 70045
79035 51025
43905 37150
3260 58265
15950 33890
42035 62490
32715 13060
1390 74005
29110 11460
38730 5825
4300 25650
2285 73535
50615 995
11255 78445
27460 810
44070 38715
13665 43390
23125 14475
75800 19805
53170 60875
7745 41845
6495 50680
580 35370
37830 78960
39440 65940
35905 31725
57370 63875
58175 76100
31400 54665
40185 66745
17840 33750
57200 48215
42695 6675
74095 66770
17715 27185
14160 1520
43500 57965
54725 34845
53305 9555
35905 41500
56150 36555
53605 18465
12165 59265
35430 69505
16435 43845
14035 30715
67200 56945
76530 24015
55280 34940
16205 2610
72315 32705
54095 37890
30400 31650
28600 32265
4610 11345
24910 21130
48985 14885
5055 20295
29965 67905
58995 76945
26025 73905
2555 36420
8490 50310
32850 27630
64870 71445
39070 79020
22825 17895
49225 35530
24185 44215
12980 49185
70205 55080
47060 13525
11560 62710
66640 66080
40900 9360
3360 32675
48135 72035
27410 2945
45700 13025
36010 16950
32795 22180
57540 32685
70855 49650
69765 8705
72820 43540
45675 27680
11085 74970
52570 51045
79445 31920
39165 27105
43305 70735
17925 30965
17555 62095
7480 78140
21945 75960
62840 37405
48215 6160
33740 23800
60340 1175
26185 76395
54285 59040
2065 29450
5605 12790
9805 23685
17430 63720
51165 3320
19305 51975
65395 54210
11475 14140
10540 56310
24635 75935
39680 19170
46945 11685
44430 13320
5440 2500
34750 14615
5305 68590
11880 32320
77575 53105
46865 51125
26105 16870
74760 34895
17515 41105
70650 52100
61775 6995
17125 46630
41270 50180
67265 68020
2590 61275
50945 9115
17845 13175
30825 49615
62025 25455
79895 79870
34965 4140
47940 58540
3110 16790
69100 11640
76145 6995
78450 36410
68220 61700
38530 49470
32830 46600
5610 73195
38710 9895
16505 43425
16540 55290
20595 24105
45890 19065
34700 39965
21845 22660
9390 12910
33800 31865
1885 55310
30375 70240
18870 35580
79360 5455
73425 69905
25835 79450
30385 58040
42360 8720
72560 17720
49735 69670
70250 78895
255 34775
41625 65045
13660 3685
37215 465
45720 59555
27205 2510
29755 52170
27900 1315
66755 7200
60360 44285
68590 38345
79945 22835
15745 38990
63625 51845
11670 63420
59165 74870
11835 7290
62985 51405
16530 37590
60880 66670
46935 7080
58790 64385
75320 46380
9675 19130
70660 4635
77105 59240
63345 5130
47700 68120
27815 42935
7065 71115
66225 58895
57325 14185
28400 66750
24220 69480
42870 8300
6190 52705
3330 18580
30720 71575
46915 13890
48070 6840
41155 72065
8920 7565
32255 2020
29900 72195
27950 15460
56565 66470
17265 21660
29160 51695
26100 72870
23410 40695
16240 16490
24170 75495
9735 40125
3630 18505
65095 28785
9830 52195
64405 13825
24630 43995
13850 54715
9800 1755
77430 76740
58275 17180
57155 59780
48945 73630
23630 46225
24725 19935
16505 8885
53195 56075
67900 28570
47965 51870
67730 47115
31390 7965
39780 21335
68290 36045
570 47685
13160 64945
41635 1925
46360 35625
43755 22380
44115 48680
68565 31965
34930 54870
48015 16120
57705 5505
16900 56405
29010 36965
32265 57355
46650 3465
1965 64815
44925 57610
76245 6185
1755 36220
63570 28555
24805 32465
56285 18220
23920 8985
11185 54590
33095 33120
6465 64220
77990 64600
52460 5080
41145 75220
60650 8960
44505 160
42495 43180
46980 52190
33240 6570
17305 75310
21945 31430
64125 49090
18915 12950
33355 39735
13470 65180
8295 46280
61775 42990
3775 35755
43645 71020
16070 77675
18470 48620
69780 54225
14605 790
2600 14955
18480 29925
37955 31715
55635 49915
46575 17365
65990 51430
74685 62825
49930 78515
11160 49035
11350 58785
70700 13745
7710 14700
41185 29900
58815 16825
22955 7075
40055 64040
50400 20565
9495 55370
46160 32450
16350 44575
44920 41170
29290 50120
15985 62175
51610 30725
68980 20890
20240 23400
79570 39090
8795 28420
34420 45070
61220 31845
32895 25365
56495 3685
3010 11540
35285 17620
53360 68375
18465 34645
74975 52175
61285 50755
33735 69730
12875 3225
33020 11145
1865 31835
13305 71230
16955 76075
78715 1110
15985 6770
6490 52240
40910 9940
2955 6280
62310 20085
54620 16685
39790 51930
3845 47335
8315 68580
74950 57535
34905 44230
710 58190
37745 31410
53400 5940
30885 60285
3475 55595
70130 57555
58170 35820
28900 31365
61715 23250
32870 12820
66240 47515
64690 40990
6780 11430
7085 22300
40160 3240
52320 22270
29280 57100
77115 73105
400 18290
22670 54525
79735 68585
39130 53700
56775 15605
61530 61105
44260 15040
33990 14615
36060 43170
71775 66020
45445 37530
32350 40185
53015 7280
27940 7955
37990 24665
79970 60465
72235 39270
58820 61515
68590 52865
45140 52640
36265 49250
68350 28775
57680 12450
28635 76960
47630 53555
17620 65925
51375 18890
16575 47395
23945 18850
68125 24835
38685 44150
34355 23265
45285 63840
31765 7825
39565 78535
41670 42530
13260 44170
66825 75795
78960 56890
34080 27770
63745 350
46855 68575
68895 73975
21740 69245
15460 27040
50865 42695
54715 43660
10945 43610
66470 66690
62050 71965
36295 72635
47335 56105
57920 72395
20175 32240
54520 32600
625 29270
13325 76360
28075 60385
62710 2790
41835 16140
17740 48845
25760 59115
74985 25410
55465 22395
42445 37805
25645 64375
51235 45775
23105 65530
18170 14145
27985 20265
8330 46210
29990 55650
74315 71445
48630 74435
78640 29370
20550 39895
42810 4370
38745 67555
19530 30940
28520 56035
53945 67420
68295 60655
9690 35645
51070 51640
78245 43865
10 9375
77555 26330
11795 47495
17765 74840
9275 10085
59615 6520
33885 71885
26940 12190
34000 52655
48005 69755
63355 51825
47025 25515
14520 15765
63640 77290
76220 44090
42215 1975
29110 23075
3695 20370
61925 16110
58740 78805
71860 53725
72345 17245
8120 22020
13115 7155
78005 5095
30980 20025
75155 48675
1255 55830
26155 36345
2825 37155
57915 47130
79430 45765
12025 45110
17785 12340
17045 21330
12220 72500
33790 73680
52185 12755
56845 29005
24705 2640
13805 52335
12315 44005
37655 46995
18350 6530
58150 47710
48300 64460
65490 29155
15170 16035
6710 4595
49345 70385
48720 73030
43085 63910
30350 62410
25225 15560
58375 37190
7495 59165
13530 48650
30825 15490
1505 49905
16995 63380
40155 37975
38795 33295
29170 1560
36385 47635
62425 35340
44495 52445
66885 43835
47010 34005
55990 67785
57390 15360
10885 7800
34245 41655
36115 70650
48155 33060
46990 50105
11140 66965
4305 29255
71190 9270
31545 75325
79735 53200
41565 65565
52265 67825
15565 16130
65515 51040
76670 61680
19690 65905
26640 55475
9995 36460
68965 70185
56755 41375
31660 73500
64415 73765
71160 54235
20545 38800
36020 41875
60770 74195
57225 61390
39640 17710
66745 51125
51570 29425
78080 61310
19160 62260
38840 3030
67985 35120
35105 44675
40635 61710
73965 21185
62380 1120
76385 34580
37980 24465
42435 57145
16345 35925
43160 1370
11710 3475
44675 2030
2810 20195
38900 42395
42675 3575
52635 78475
58120 14535
68820 3095
69270 15760
76390 15790
41330 13460
77665 66410
25505 60875
18265 33990
24440 14695
74950 49945
75070 45540
67975 41230
47195 42305
75525 35405
10745 49020
11895 12790
2820 62295
63005 68465
65190 31560
54860 1470
66980 71915
46010 4580
25315 72955
53240 13285
62220 38455
2295 66770
49910 19030
31495 64235
59475 54330
65840 75805
1540 79110
1600 8250
33400 75565
76085 19870
37925 18210
11985 19810
34550 76880
65935 42335
78995 50980
51985 35820
17680 38490
12905 7590
74280 16200
40900 14755
54440 77155
20445 35645
8455 71145
62035 47895
2265 57290
19740 23960
71835 9880
51125 78630
76820 65230
74185 35785
19410 12445
39830 34900
70800 23115
37145 60750
61230 2525
47630 17830
59180 11975
34650 52540
53040 11480
9755 45925
73885 12765
24995 78630
34570 49460
21900 39960
51430 20530
24500 56770
38120 49000
59600 29475
58630 23800
64225 68600
34660 54375
12845 70630
78610 35350
54230 60230
7655 28605
31780 23450
76330 59380
42535 47255
2350 78700
40705 6770
60830 29450
50855 29835
75775 23220
67650 21120
75975 35545
17730 46285
30040 26595
37565 67480
8230 4950
45950 42505
37185 25875
57545 25455
21905 54840
48105 37755
24650 340
41325 64245
33070 67015
30110 6175
40795 2620
37680 77345
42580 74925
73050 9505
9205 56820
36970 53430
160 20495
1885 60835
22865 57160
41365 4665
25075 36565
52630 45625
29315 65370
28100 53455
58190 20660
13695 3485
36335 9800
545 36910
31060 11495
25125 27455
22140 44125
6370 31940
79655 1155
64175 11950
74605 16630
69145 14795
64330 66315
13085 12385
41505 77635
61220 76360
62615 78530
47300 52230
27520 70990
41115 2630
26580 3750
77065 3240
4475 46430
36540 18875
6600 65740
76205 77100
15080 36000
76775 51255
14410 8700
75405 17045
45335 54775
57610 14005
42405 18780
40730 64530
35770 21500
71860 63575
65715 52435
54335 2530
40260 35890
26695 4400
69435 62235
79375 43995
22155 15585
62590 72930
20265 79185
55550 53560
62895 71175
41305 67945
51315 20720
55775 10900
14475 34765
54645 50500
52685 56155
52050 15680
9390 31370
20290 24730
45925 14405
14085 74225
45095 66770
65390 57420
57065 57480
67745 7195
25070 66915
75895 68635
78495 48640
50535 49960
41970 41725
9120 79585
1565 46520
33115 24345
65955 23500
3065 67520
68005 39240
45765 53050
18595 12875
50905 18525
66400 16655
60890 50600
47720 49820
41970 27210
265 30370
35665 37670
34675 29470
2480 7180
23750 13285
62675 62650
74045 15325
24165 52050
4480 61815
54580 61615
76280 55795
54550 5475
71670 19780
4115 56745
17610 16555
75955 12835
70520 18740
59145 11960
25380 42975
78705 7675
3380 14155
64045 43160
5735 46845
76185 54365
14970 39390
44250 36260
74560 61045
31650 37390
19465 14135
44115 37845
72175 5965
41545 48250
45875 25075
15430 42660
59995 7540
26740 61855
4730 56845
16075 77980
18900 22720
40695 50280
27295 46475
49450 5980
52780 70985
67460 75130
71160 41640
34415 23070
34775 37555
14470 3450
17675 47265
78590 51980
20685 75760
58785 20870
70765 47500
71755 57085
52465 68170
68780 19365
40070 58040
12985 48700
58545 79005
17005 26260
13400 6700
31065 23700
52250 45280
55655 8065
44440 79625
7080 42460
185 11520
4685 45525
4195 18140
52395 175
9340 25635
1155 31105
11560 14025
43775 42335
31480 73835
21865 47410
240 65375
48380 72005
34875 61525
59005 56310
63480 46505
75620 47595
5780 65450
56580 49290
23605 5245
56720 78270
46115 35225
57280 215
37065 36670
44180 79360
78430 53250
54005 44100
10000 25365
21985 61830
33680 12255
63440 77780
52805 18750
3645 26975
58185 36330
20415 1915
58955 59710
30185 9690
76915 18490
59550 72255
24395 52565
78660 64680
50115 34290
18445 29865
33445 26300
66925 26170
74995 68140
44135 12455
20695 8990
59910 15015
44530 64605
62520 49580
56585 55305
66325 41190
46785 16630
13385 58190
63985 28820
15995 28425
30830 15600
59350 7585
24180 55435
38940 60235
20025 67365
50855 13220
17800 67165
47355 79580
38615 23800
28045 5790
42235 25665
2685 34945
47605 9165
3160 62415
63195 280
12025 21810
21825 4225
69055 74085
48310 66320
63075 19370
51070 4885
50905 71810
13280 57210
69295 54720
68415 77425
26330 6645
9515 18920
52225 51095
56345 45490
65315 47090
26805 54340
35845 54975
51620 7740
24590 40040
68040 40570
19460 14905
68575 9200
56705 38660
1155 19400
7265 75260
55900 14700
61345 2040
35875 26275
23720 11560
61730 29650
68365 46275
41760 31785
13460 63215
26440 69415
42285 5355
57985 37495
78435 8535
61270 42425
1205 29655
50970 3745
38470 53250
71445 31400
11785 5535
34935 52485
46265 23430
24785 4485
6930 32945
64055 68550
32765 62320
38770 12170
37810 60355
24765 38100
45660 8470
51170 24335
17280 20440
36105 11210
69030 35975
67635 31475
380 64940
55050 31935
12190 52180
14570 78660
41375 18845
76660 66865
11725 8740
31105 46550
68480 46450
63270 4000
65535 47500
1230 70905
51350 43080
50340 64670
58145 20365
54045 29700
42100 4165
35375 46565
39430 52870
26570 69850
11345 4000
29060 41580
47800 67430
36670 5370
42110 4005
66485 31335
38030 58600
50780 28755
16585 18135
55 75810
22130 27810
76350 67640
72315 72260
20705 54790
9125 45395
55765 19630
68950 49025
37735 45475
35720 38025
13700 6385
62790 38085
46155 58860
935 31225
57590 35145
18980 76745
70850 74400
76885 29600
40230 38645
49060 73830
27210 30325
49545 24890
49350 62815
19345 31235
78370 43695
18015 71355
55375 65140
40690 23535
50980 18445
66040 37220
26715 18285
27145 41815
79940 3000
52445 21645
23010 11325
74685 54530
68195 48055
73060 13925
9765 78575
35445 42570
59215 57140
27470 35960
34090 21855
25670 78200
15935 16035
64455 19570
73610 74480
57015 245
59240 6505
34245 76220
40975 34490
23565 10655
20095 22995
29350 29045
79415 32265
58020 55950
78270 19705
55870 2110
7875 18305
23825 6925
49310 60695
37685 29810
16040 55870
32885 9175
9610 56730
20535 42245
43555 72465
73605 41990
75805 1455
68495 33280
59625 3680
32315 42065
44785 28105
340 875
77570 33605
69250 39315
25025 6215
4180 47050
13540 45675
79685 56475
64335 15290
32765 18795
53990 5120
49435 69280
6200 19880
20450 75495
61480 65030
74940 68915
69925 14185
53490 65420
37230 22055
5095 68840
15665 29375
10830 31835
75435 38495
79875 65810
51365 20060
77950 73840
61970 40120
61845 27385
1820 48470
75665 26965
28720 59090
69880 11970
16485 50855
3900 56325
70460 53345
73490 14400
72045 36260
15735 1185
76590 20140
74885 34540
38415 49085
57025 39690
48105 35510
62865 20825
26920 24155
69660 19885
11710 54825
77725 33690
37765 700
8410 18725
38410 55290
69930 18900
28690 44880
11115 71915
655 10815
20715 59085
56640 79835
2145 53080
44260 45390
35310 56460
49375 18785
36950 14080
42155 2540
71180 34030
15770 58530
28820 17920
53335 71390
39095 22335
47255 11135
73785 45590
79535 51125
78230 71080
37215 41705
990 18315
72465 57640
38280 64625
69165 75800
44150 16210
50355 76160
61605 33370
4705 30070
17805 36620
61550 20950
25325 38225
51095 16760
2455 66420
69735 57735
33625 75870
35745 11425
26605 42685
31475 18870
35615 45880
24970 9135
43260 79235
29020 64490
27330 66315
60565 37140
23640 47600
67700 19050
34835 26190
68250 11535
57335 30065
70330 63400
995 19825
52570 78315
54340 53990
975 46470
2375 21250
43310 69320
21125 72395
48960 67810
65805 77045
31160 76485
20785 45540
17255 31305
28770 19545
29050 12855
51520 1850
12850 27995
26695 13130
13230 28665
37520 49725
69240 64215
35150 49110
31805 58180
31010 31675
8935 20950
60970 44345
57755 66730
9465 43705
78315 46640
72520 65365
25045 24535
12170 2290
51520 11290
69915 5650
22440 4515
34500 14215
52720 40640
49340 2055
15925 57415
62195 11550
40375 64250
4035 9345
26870 59175
41605 32270
32320 38450
11215 64595
43145 15250
10495 54860
77680 59220
45645 31070
52675 36400
19165 35400
45515 54780
59045 24615
48860 31655
2660 68055
48460 12900
67325 69340
45605 62160
5535 8370
49920 11220
2815 6355
45695 67360
68985 57765
38355 12935
49315 68665
79585 15800
51105 1220
74370 5705
56210 51055
15705 24025
11580 44200
19790 68555
33300 25495
55525 22525
52525 60480
36670 35300
49565 1330
72250 52095
67510 42420
45550 33060
43885 43805
78060 74140
78190 72940
5255 44230
63185 7340
36115 63535
68860 71195
54515 26255
6760 50645
66890 11290
63265 68395
46415 1190
27675 27940
77920 74790
25230 15630
36455 53100
43275 28470
21255 630
7425 2335
12080 3680
17040 4270
63520 73430
18740 79570
21010 31520
29310 35780
11485 14320
20780 33555
67395 13385
31910 74930
66490 53105
40650 78545
62935 13720
11830 78275
25980 58710
37195 13545
38615 53785
22470 74080
49625 66105
23405 30335
6455 43215
7620 36815
59530 46525
79420 57015
29025 9145
36360 77070
2885 4670
47625 27340
13595 8745
71120 31105
44870 37865
18790 2080
67080 24480
28605 62345
27250 72755
35470 55155
20240 58250
48635 73985
7660 37635
6075 74450
71570 1315
55960 71375
4430 15965
110 68855
63890 62575
40605 25000
75205 43005
25775 64625
36100 54800
16110 70335
805 32785
15035 50500
24210 59185
74180 38215
44735 14380
53675 1640
35215 42085
37170 16245
18770 52075
18555 51675
60545 75815
34765 38805
42400 68735
1575 3165
76780 64865
25845 3325
11255 50030
23660 115
56900 74520
35865 13710
47305 40555
46430 610
1155 63075
52030 51370
54315 39290
73965 68045
13155 18035
48420 17605
69290 47585
59170 20820
55100 57315
68615 3575
36690 50060
38130 9210
35690 20160
57225 62800
24090 24040
46135 7890
39335 42760
47390 105
37600 22635
42850 17645
76360 3680
63810 8830
30425 77110
45450 9110
31840 39345
20595 23200
50165 70765
25935 33270
79285 430
17180 59605
48995 14545
38185 14905
3155 75045
39870 48995
71180 1380
32940 28415
12530 20560
75530 31395
65950 69435
5590 47300
28085 6455
64295 55940
20205 39930
56580 71660
62960 36700
70420 14205
23825 40380
26055 49970
40940 7435
295 32220
31900 30825
55635 26035
31030 62525
73255 65465
8005 65240
3950 79635
60075 34900
37375 21530
665 20165
76900 25095
34455 79250
66765 4675
79970 48135
73830 34635
54470 40960
61890 18830
72925 4640
25710 78070
76910 68730
34555 65745
13525 6930
27795 75660
15675 42845
10850 18425
11870 77445
30865 30445
64245 13145
19280 38645
66555 76910
23850 52510
60685 72095
26860 69955
29700 50710
43260 7220
7670 65235
60815 21485
34320 40705
49355 77045
23795 62550
69860 11840
78490 53160
12785 18035
9990 63110
73735 23070
20570 43780
59230 33860
45230 73265
48515 38075
17450 22375
21860 57665
10155 48375
12960 73180
41430 25530
30830 73320
76380 21955
75905 18955
43895 44105
49015 52665
10525 16590
64030 17275
46410 7725
17100 75575
950 65395
22400 38660
14935 35215
31600 76365
76090 3070
4725 61380
69905 1515
38205 1460
60890 46795
13050 76960
11765 71450
57455 79800
2690 25420
50450 19995
31105 5200
55425 63410
18795 21025
76510 24230
68685 390
20930 23955
25670 53080
46650 51205
570 8295
15770 37980
32285 42935
58140 52285
47085 76310
48560 25450
72040 57885
55250 76010
41840 74890
32285 68425
52660 66935
29755 7090
12055 2000
45730 30335
35 53995
47790 4770
23610 47535
70845 30870
19740 32955
30590 6115
50095 42745
1450 26960
39495 61220
14215 41675
60290 39590
22585 19520
75340 77130
39980 21195
7760 66830
68805 20905
35925 47120
63280 1080
36030 38310
10435 74180
78235 59975
6720 52540
58140 2710
51755 36295
68370 72795
37300 50855
43515 79140
54205 24300
66450 45200
71565 6945
1195 45860
49585 58010
29025 53135
5190 29230
20900 74955
3895 42380
5840 63950
71920 77450
69940 51310
69890 76555
36805 53705
47130 3630
29600 13740
31780 7120
59620 62085
34475 13290
6705 23925
26765 77505
77145 11015
8390 21780
76260 62785
73430 55350
66560 74450
78225 47670
63670 53370
43230 13815
22660 33420
53195 3155
79305 28835
57560 29560
60500 51325
45990 9355
5575 78175
10075 51535
19445 8250
67540 30035
58120 43130
59485 6845
62925 32890
66975 67220
25880 41225
79235 33430
66210 26940
60200 5960
63730 65795
6210 50710
37130 64215
48575 10120
29405 31275
58685 19260
74280 50730
46765 63225
2735 49885
60025 18030
56050 42995
40595 27740
61770 1335
32685 71835
70225 42485
33835 34405
50250 865
37415 39630
25060 27645
48300 77845
64155 6795
34190 23890
54160 50235
50800 39210
615 31545
29915 36190
63490 7300
46045 11385
4385 68170
11145 11685
19040 73040
15655 62985
24620 15060
19065 45625
26315 2035
61305 10825
29265 78340
43765 51370
43230 21495
19030 13680
17735 19330
31695 27670
55315 34625
31635 78255
33020 68800
37855 68125
22905 57725
63680 51815
40610 24545
65675 56050
4835 10010
55585 24925
39895 67410
16990 850
17175 53845
65305 1565
63100 22160
10330 39105
61475 58090
76800 9155
71205 20495
30625 1485
31365 59390
49500 75425
47395 56355
14930 45170
45245 45680
53185 54025
52150 69520
30755 12425
1200 58250
25860 67395
32170 7705
21460 68145
73395 56050
65160 66965
45805 7810
48820 68655
12455 37325
16125 59445
68130 35790
25170 20050
68335 58940
10010 52810
12055 31805
65070 61270
42645 67510
30070 12950
17665 47725
54755 4825
61800 44240
20135 67705
64835 56015
4340 50950
45720 36840
66305 74650
33445 17140
73775 79330
52490 76740
79860 54660
21875 17660
44075 70500
27730 20225
73420 30015
16515 76565
55720 17555
49215 73455
6495 58795
27740 61060
10785 62725
22765 63615
79505 57435
26635 27450
29010 185
52215 54350
68905 17095
14895 24850
63955 29295
57710 39745
62135 5155
53505 55310
62720 29860
62325 61790
43100 64555
46370 16490
71215 28115
36930 54055
73320 43995
18185 50370
20030 20565
34195 70760
62055 18380
67425 54015
975 71590
68815 8895
30855 68775
79855 29025
39975 56670
270 26565
4230 56150
14760 28185
45555 1820
67295 5530
12860 7225
695 27765
1745 46250
12540 22375
1405 16210
64760 54420
54975 20845
50920 75760
49355 6025
49015 28555
43840 36685
45025 6640
3200 9895
9225 58260
13100 10545
76065 61980
71565 9520
18220 49825
72105 74270
40070 37080
21225 32010
18370 12850
46395 350
16735 23680
14835 78025
12750 13410
22755 38575
28375 31255
13965 22570
47500 25415
33280 70050
38015 28035
24020 70740
70735 53280
64105 73365
16160 77275
29530 60795
25085 125
46275 78170
1685 22170
44845 71345
73360 60365
68405 77930
34680 70685
62240 66920
69695 57320
16305 21785
6730 10385
39340 75135
44640 53085
260 37920
43145 69785
49850 50480
79495 40815
45225 75465
17010 49995
55385 3100
73185 48680
26355 37630
57445 500
40080 5480
75630 54685
70490 61220
77785 5710
77305 4565
32240 35650
6815 69170
34085 51840
64715 24575
39985 24585
47625 33385
43230 45810
36950 58240
16835 22390
37080 32060
16725 47490
19805 41840
58145 36945
34220 10770
73700 36020
44440 13470
1215 59730
67575 25645
28265 59215
13425 3635
5980 15165
7985 11975
28665 15225
47060 75275
36520 5745
4940 38905
71865 49275
31915 48980
19610 52515
67065 35730
63520 48860
59130 50565
38065 500
68560 26720
32695 33945
19070 29925
32130 58105
58215 30570
62050 25170
6655 43170
56140 130
64685 2440
49335 44155
79595 23990
58485 22195
40670 61085
45665 37515
62395 36375
61315 35025
21985 37525
27240 79305
45475 73695
42890 27770
9315 28000
35890 72025
22670 49220
62205 67020
26405 61635
45160 66285
55910 50990
76580 6480
51915 37860
47360 28605
35990 46440
66815 310
8815 63155
79530 45950
63070 16870
77705 14550
13485 44705
29390 66435
61790 39450
78370 29765
37470 69940
71990 76260
47490 79055
70760 78770
36070 54170
9585 57310
79820 36370
36970 62250
32645 78690
62465 70115
36880 23810
23910 10620
45130 40295
61645 2705
44820 44310
1700 74420
28055 59540
25710 67350
41615 9710
39635 64875
79455 51935
17930 62780
16740 37085
38950 51830
34645 41560
31870 59060
62760 22175
70960 65065
69005 54340
56135 7045
40065 57155
51250 19820
63030 78210
34885 70435
11020 10975
47955 39805
38600 66275
38055 78370
3250 35105
10425 41330
48065 26890
18040 47735
4315 70775
27150 44020
73365 71820
72930 55995
72600 78350
120 54965
54485 58985
52125 27695
35450 57325
46575 26515
3420 5500
48505 47570
35380 24230
79945 50725
40105 35015
49495 70830
15605 23655
78360 68720
37545 46885
58120 42515
29270 29190
66185 51400
2105 11835
39315 61605
15850 36680
58030 77790
7820 15695
35650 53375
14795 64660
52705 61695
33960 65820
21160 12615
35570 53815
1110 16345
30255 76065
36760 30570
27075 14150
74790 79510
40210 57870
68940 58465
30045 26680
18285 32210
52085 9560
40435 61570
21040 2755
44435 68895
69840 54605
23950 34475
43555 30020
17865 43410
10835 43085
22535 34785
8385 71510
23145 47055
40765 53440
77620 68425
54225 49575
76115 54395
74395 53865
25885 72325
75220 15905
28790 10195
66600 13740
78665 50170
24550 32065
37505 44755
49665 6520
21200 50685
2490 10530
63560 50135
32650 30270
53900 9920
39775 39350
12240 8600
33295 5490
41945 42395
26035 18910
62895 2070
63265 42725
68955 6550
66425 72000
32395 49130
20085 12430
58575 39850
64770 78995
63395 40015
12375 21595
48555 27390
7850 56175
68460 59805
19195 1400
2035 42185
53145 9055
34225 60730
41960 6765
38455 59515
49245 38470
43520 65470
8160 21005
18805 18135
13820 32145
54230 53695
56035 76055
77490 78370
50750 16710
47155 37490
67890 70400
15630 75680
76230 41045
32345 5385
66625 16280
4770 12935
60155 74590
36830 50220
42305 58815
6510 30870
34890 37205
39070 60190
37865 43835
33965 31275
56075 69555
75400 59400
79055 58880
37520 34075
10700 66205
53650 58250
20445 25970
67590 63780
53125 5800
55595 21000
58620 16965
30755 11310
4305 41880
35255 44565
39920 2170
70495 58195
33045 59995
25080 60430
15725 34740
19850 43595
34910 66785
25945 68915
17545 65840
38485 5210
39055 56960
78215 28905
34730 58665
54835 17150
56610 67525
23910 39690
15550 55175
42575 14145
69605 54690
8575 15350
76170 65500
41830 38745
13560 79230
62770 66600
47965 6765
46005 48595
48125 65170
2825 74820
75225 70160
38505 8505
47975 76870
60255 7735
75780 70310
55075 18020
57130 27665
4940 47635
26930 52910
20540 55410
42465 70290
26945 50835
12350 69510
73260 79035
9215 78145
52045 9220
64410 62705
49135 29365
47280 8345
39820 25955
39835 65925
28820 68630
710 58400
63220 36420
59095 69090
53600 61345
79105 54310
35320 73910
53705 38805
29760 47345
69245 31605
70370 72960
44010 33715
57745 7345
56130 22870
42780 3175
30335 10395
22595 16065
20180 79375
61930 13670
64430 33065
46535 60780
15195 45800
27190 73040
61865 7770
4330 33210
27665 13990
48285 73465
59590 67100
49785 10470
75825 10705
64190 42460
42750 35915
13100 33915
35855 17190
67110 62955
9610 70300
21110 37565
18820 22245
73955 7915
17145 68955
72085 78005
26960 24810
30485 3390
12235 41955
13655 74960
17880 79420
61465 55505
78360 59885
56280 15295
31125 39450
49450 58455
11825 36650
70195 1250
3275 12195
46265 72745
22685 1810
10810 72155
13640 39000
23175 29215
9460 23975
73850 25755
1390 58635
68525 53700
61765 70000
48270 75535
18740 60555
34320 12380
42620 48245
72940 71020
42420 23805
30055 20995
47925 65465
4985 33155
24680 18430
71695 37460
12265 68235
66320 73445
54345 51785
23380 31070
59295 22855
51845 62745
44540 67010
15685 73555
3310 78430
38550 64480
3715 38650
23610 17875
32290 25505
41470 15365
73300 73095
41690 76695
5870 16295
21605 4805
5060 16725
37320 45055
12590 20665
55375 17395
64635 79875
41005 25670
4790 56230
32455 33300
15135 21340
39945 11225
51835 38025
5810 16290
32245 74670
9910 20945
5970 33320
15510 37200
8945 23570
30885 24915
6370 25450
37600 49800
76405 21180
23110 64065
9835 35260
25870 38370
74815 70465
36680 67805
41955 390
53695 120
44795 38080
20185 6740
3725 20305
61970 45825
53455 54380
76555 50450
31700 23100
34980 10875
62020 20255
54920 31390
76745 59675
9185 44305
53170 40120
61635 36990
22950 890
65970 57900
71070 18085
66255 49520
24410 66885
40080 61770
39075 4080
30895 72075
17145 37140
77630 35065
59705 56135
13655 3405
72975 4605
50020 41880
3785 25755
30145 42750
24585 4415
9495 71035
45175 69645
58675 55380
71665 38015
45460 31955
4570 73515
75605 55565
5705 44695
14160 39625
5490 60945
46170 68255
11425 54765
60200 21405
32625 43435
40025 71110
39225 41190
27385 58915
57250 38295
34710 9700
67945 31590
45580 8785
65370 34720
34730 64500
42420 53850
14260 74795
10755 19970
70485 63795
33525 30490
27080 6070
17780 460
34025 75255
40235 60720
66245 45655
60065 77580
59515 21865
51405 5180
28505 62850
32185 325
19600 78850
21605 36945
53365 61325
36645 50190
40165 54050
14125 21770
18510 12600
66335 13870
61130 20965
7660 72515
74235 40585
64955 73355
10690 37795
63850 12295
10255 5715
695 31240
19540 10840
67360 34325
10390 9695
4345 75685
31325 35295
47610 43290
6155 52815
76215 12165
69885 22275
44795 60890
48895 48030
14950 63365
70020 7075
43130 43155
23915 39935
20215 8760
3225 65715
21055 22180
5070 63540
42090 33675
15960 49930
10525 2315
32905 34715
52595 59675
59815 13350
21280 39075
20650 62880
54930 75255
63395 4445
55 21150
56040 35290
13240 18255
24700 42885
25795 35320
50445 68180
76155 49685
29535 27345
79035 56640
62765 21285
17735 47290
51060 14960
55655 13355
27220 13455
26885 75565
42605 16035
22830 51885
19320 8240
69855 2360
60525 53085
72850 59145
74490 26475
72000 60870
73660 79115
18385 53330
30875 20530
22305 24375
1690 21910
25090 14420
75880 55350
59770 55655
50715 48410
31660 66605
22940 43975
68475 29305
65490 64855
56625 62545
15425 26980
1085 75215
38320 57980
14790 40320
65365 13150
28105 30120
19750 75250
61740 61105
2535 39165
50355 65770
16630 29225
44010 77110
15650 16965
6710 30030
51715 27690
42415 47175
16600 21240
29840 61140
37460 63365
46110 63910
57975 59080
60985 3005
69585 29870
55805 73480
11945 51115
12600 58765
7160 74660
58380 41145
16250 7955
50595 69085
74415 48505
11745 37115
55550 37010
11930 33310
69350 26375
2620 28440
29610 9665
16290 16780
54505 10100
69280 53720
41735 70850
62845 39975
77195 37190
74000 58145
63240 47885
43190 49190
13585 12095
15050 51265
11650 78935
78600 60560
68895 53300
25540 47695
40435 57570
12350 59075
46030 31295
77960 46735
76820 20440
19590 76120
62200 10810
45185 9500
53145 5110
58355 70450
12895 39335
20285 29085
47110 15195
20825 8915
34975 29590
16975 17470
65010 7440
20900 25800
43845 51750
75490 43320
61700 36905
5580 55795
3690 51880
27665 32175
24355 45860
6055 51620
43520 63075
52455 48580
38495 76450
8330 62850
65605 8230
15090 16110
18655 17065
54250 55695
63785 4855
65335 60340
21330 78805
49350 36620
46815 71985
32115 1160
18925 76955
33160 30805
19325 74070
1190 1580
34935 44315
32810 67685
16225 64280
41490 20580
74925 50045
5930 6170
40670 34115
2160 46405
3725 52775
22485 14400
51795 68935
18200 34330
32385 62455
51965 73985
49540 11510
75885 5170
5665 12275
48425 16360
72940 45715
2705 8680
53505 25050
24440 53535
66900 70855
51525 22390
41930 45590
34390 10880
13865 28905
3300 8580
44665 75820
17535 51915
27015 14420
40500 36830
62500 28805
37620 11400
975 700
5830 12375
39825 54515
30225 57200
12980 7090
34780 45160
46845 28460
78060 13900
28290 36995
30670 8795
68115 67120
17585 28005
73235 62785
29695 42075
77790 64580
7815 23560
57820 43525
10550 64800
8525 67830
79855 11500
52680 42630
9740 18310
9890 25255
5955 25565
65800 15695
67455 3660
66135 64170
25550 18620
14190 47360
680 51980
10585 44205
58570 3435
10270 70220
62070 77935
35450 20575
46890 9720
21325 2150
58250 28165
2565 63200
50600 38045
37975 3405
23175 46385
76215 36395
65460 53875
70170 64800
10885 31185
53970 18425
6790 67125
7290 39560
68060 26535
33300 6205
17645 78455
50395 71040
885 64570
11065 13465
53840 23845
3760 32230
78785 10740
60470 69765
23375 58715
2670 14055
33135 11085
76925 55545
26755 18280
55015 63380
145 75245
45325 23610
22090 75335
54345 12710
42860 610
52755 18810
4850 47680
16010 42895
50185 25425
26930 11720
8525 52310
52140 40860
955 40905
16430 59395
65950 49660
57540 66750
30805 5140
78750 77310
8575 14625
9775 15190
26435 3610
50665 24145
25000 35950
25205 11475
73200 61155
55435 54605
28585 42905
51490 53790
2790 18070
27345 75100
75730 41030
1860 46355
16205 36285
77690 24805
1430 76335
12710 21720
49970 53200
33105 43755
45820 7090
29510 63345
72925 19770
63775 9995
35625 29140
31820 60985
18685 36710
34830 15475
8880 46860
33615 64920
75955 10925
47010 72685
6165 37405
27395 12945
40860 75900
39980 44025
50465 43295
55435 68880
31925 8535
2035 48335
77405 44645
42490 18210
31785 26725
67845 25225
15465 32785
77560 74335
31515 46720
3190 31605
59140 34975
35310 25145
29515 75035
32950 79515
70905 24170
26250 59520
18665 55380
45710 48130
41320 57320
4625 10345
47875 71765
47490 51785
32225 14010
16925 39005
51620 54595
48550 14575
7555 12975
19805 62480
50530 12100
8105 22675
16025 56065
23335 69455
24930 34190
4005 2000
75785 70425
52270 25140
32965 26110
8280 12930
79145 49710
56810 25470
61265 35595
20140 75145
3300 15990
45395 33750
41020 27800
48010 40850
3635 43865
69575 28390
10065 24910
25175 6990
52920 9480
66745 14565
19220 21720
22410 7895
71945 75540
5500 22015
15335 5000
26620 4135
2570 25385
71935 69785
7725 52975
15490 33660
46855 5510
54680 74830
1330 74075
780 29135
190 5360
44715 21570
38480 39705
70530 64265
64555 60815
920 70180
29465 5890
66785 8650
3815 77355
78365 16345
75865 75285
4310 74595
47515 69275
46275 10540
71860 57145
33305 3955
50370 26545
54110 47525
63470 68795
12215 71610
36100 55295
60925 39505
54545 38640
35530 74635
31605 54605
7410 4900
7395 39340
67615 35455
23420 18010
25785 13630
73440 5965
10455 24870
23385 63665
28580 49535
51470 50405
40180 10810
22625 74045
9080 11235
7635 35925
65395 40510
4530 30175
36370 46375
62515 24100
12150 30070
71925 59605
58405 53300
49775 15570
50290 74025
59735 56285
42585 36410
44815 22505
43315 39825
22105 50160
75660 66590
6630 79895
43455 17160
59115 17985
30270 54555
32760 72410
68305 54945
28455 42860
38965 8815
63370 54220
12235 62485
32865 46720
30125 15150
55875 38950
41140 38340
74750 72055
21155 73640
46025 61590
78335 36920
59695 24785
70980 39465
47325 62825
2780 62505
18475 42175
50755 34185
29040 18635
5640 50380
10845 2330
26200 53550
32280 54075
69135 7100
51295 27865
47670 61705
10445 5450
20410 39880
47445 22380
69715 38780
11120 66345
41805 16260
18120 48155
62990 75040
68485 42695
66825 37995
49950 31755
27980 13885
1625 6875
51235 44045
40695 62625
46595 360
30035 38795
75980 4645
9255 30960
67685 38040
29355 19960
61970 25060
66260 20755
77565 25790
28535 45820
49290 20035
33105 52800
48335 11885
47735 54355
66430 72365
3000 43485
55145 48630
38045 5720
27730 29345
39800 28640
45375 36725
56985 17945
60300 33620
70395 39395
57180 48995
70825 31430
61180 51340
3465 17210
14175 58050
46095 73135
77360 4980
48640 49890
72655 38165
60230 40690
25485 34895
53060 16205
21100 29610
77155 53700
28755 66065
32825 32990
46500 7600
44680 52360
23465 61735
69380 26225
34235 43040
45415 60460
50355 69230
47810 58315
66505 37015
18145 73730
5595 1770
53580 51285
7975 23020
70165 10280
55820 43630
62870 22085
71440 76680
63375 55030
9855 7140
79660 77415
29005 25440
8415 33765
57260 23985
40305 7580
30355 60485
70895 1745
25510 16250
61580 71410
60925 5530
76460 26545
47895 19575
42930 29195
46720 77575
645 16005
76660 14585
27400 72160
29210 44485
65570 42255
45415 18080
65850 37025
65970 41540
19545 13170
60465 20035
11955 60080
37105 35295
27275 64165
70055 62025
51785 48285
24500 44035
79590 25610
60685 35450
49675 50900
54205 43975
9315 79980
43600 19295
41875 50400
50300 22885
61170 60825
78455 73980
25070 17340
23415 42385
70845 43010
26305 30955
34390 37725
49200 76635
52380 77260
13805 33505
63280 45255
34105 18995
70715 27325
64915 10505
42045 65180
40745 64785
49300 58530
48230 50
48630 62275
6965 43575
56950 46990
76585 6935
53590 76645
73455 63180
49205 63535
71165 57615
37925 41280
65780 72325
53290 51355
48585 42385
63840 55955
67480 46270
44360 60315
72880 62360
79650 74845
29645 27955
67625 10060
54420 9960
18035 56480
58960 2715
31150 10320
20955 48870
21010 48705
43170 32795
45630 29305
6960 6915
26855 30060
78675 62425
12510 68715
65745 78020
44770 56015
660 23845
65115 78585
4000 33855
22630 75140
7565 49025
38700 49880
54965 48910
56985 25030
49290 61415
60700 32695
53250 34985
32590 43835
70380 79210
70855 24210
41960 34025
75275 60660
10715 76805
72845 39285
62220 20925
77135 26655
39750 33605
44930 15190
44760 76000
3765 20930
52980 58440
33775 73900
50970 10985
76335 14820
18800 5525
64640 49525
14945 79770
76300 41230
71150 68400
36695 77035
17420 12320
59225 25030
53135 2990
26385 60985
23745 4795
11020 30035
72840 41050
60120 53385
78285 2740
42255 60710
38600 62070
3945 6690
64320 17660
11205 12920
15250 1575
40490 46605
26130 65855
22350 75270
68350 4070
72025 74525
35955 61770
49155 54185
23445 29200
64185 61320
21545 12400
53540 26635
26115 38190
53585 43675
67280 11230
47925 68940
27180 32765
34900 23965
45560 57245
24070 30855
69820 77115
51600 27635
16500 2690
30730 24625
11705 58365
53760 79900
51335 18850
13405 15245
50610 65945
15490 21315
1700 30810
20370 49855
51370 15360
27355 46915
65690 4405
34750 45140
26740 33585
33920 49205
78290 4520
6295 60365
76905 9105
36805 67015
40865 45910
7040 49550
58195 19570
49155 745
24020 73655
64205 48120
29335 56270
13920 20370
67930 13745
47460 46490
57210 17845
68560 17770
9515 62105
26565 57005
75330 16630
42615 59245
5295 19165
79655 32835
49025 51155
15055 6140
53705 75415
25650 21620
76805 68630
68110 14000
41880 22585
31605 7875
71790 30305
38115 50080
64885 8430
7975 59425
21550 38280
6155 50565
34485 15275
70645 62795
74490 32945
74980 11040
75685 66565
66490 8000
8425 15900
77705 19290
77350 69495
78015 5715
11290 7345
930 31080
50705 78350
26490 59355
45100 22595
10065 32385
19725 28580
71275 60485
52770 38980
22780 34005
43770 5015
36440 17725
1045 79025
13080 20280
19220 32880
3150 28810
11270 70100
34885 30490
27000 17985
40010 31410
43490 20300
53430 29860
61365 62565
22625 37105
39620 14110
36380 970
68330 26925
6175 32230
56255 53965
42650 27325
54380 38605
18425 15080
34290 9385
35290 57145
69015 71690
62175 18650
48215 65060
25760 39940
12615 25340
20965 44555
9105 3230
47845 13660
22425 25970
6610 12595
75475 47990
35600 68460
55875 73720
8240 53360
955 20675
76980 45510
50695 39245
49325 25465
31445 60710
43190 18870
70635 54635
17225 13990
8290 38260
35730 29935
3250 60
330 63090
32075 23580
75245 19505
17070 32370
54805 76850
11345 22405
21345 19715
37995 31040
60400 23455
4545 53240
685 69340
12470 18770
59235 44875
63250 33820
21870 8635
55085 42490
25580 17220
34660 40165
23495 43955
55880 64375
62410 1480
35360 44285
73535 58505
46210 31280
50770 19185
40625 40715
45365 34160
48460 49325
9045 77055
29230 22560
60005 3870
10270 39730
77695 51730
71085 37735
43640 27715
72270 44365
55755 34990
10405 55625
10850 46395
55615 2995
4160 30725
50250 54155
13385 9980
58470 15130
65020 1925
1555 23815
63250 23935
54100 65400
63305 49075
5370 72860
51610 3600
2465 19835
69245 13365
47580 27035
25625 4820
65045 13755
22695 46625
37175 33420
13065 68055
59145 28725
32090 39720
26070 63575
59815 655
24230 19280
79270 31010
73745 58510
31900 50990
7090 8475
58565 11400
24945 21360
61630 71550
71240 27100
60640 55980
28505 48640
8605 58635
34995 11645
32200 58000
79015 25665
66710 70060
17810 750
56660 55235
51490 10295
49495 47505
54735 61270
57110 60565
3685 36210
45710 26420
63730 3265
18915 33185
53365 13100
51685 76190
48660 1570
33305 34855
79195 5410
71760 55000
48960 52720
27975 69280
26670 41905
23725 50345
79380 16035
70030 69225
65685 1970
23595 36415
22500 60140
78840 57880
53715 70725
52745 16150
62785 5475
27965 17690
39780 70650
20205 22485
40555 55390
3970 62170
56965 60925
20065 57825
27015 49190
13220 55685
45210 7275
27205 29005
63170 76820
68070 69205
67930 58435
9800 62455
13210 11860
68455 5350
9015 63300
55595 63280
51930 59385
25145 20880
59290 40515
37080 19890
40470 52305
34135 66020
44340 72770
52550 23270
69005 11575
3065 20085
22590 75835
50 25195
73275 70895
58600 6715
76260 34085
22025 69795
10880 1275
18900 7565
19610 28035
57555 77325
61365 39340
39110 27545
72650 30895
12525 32655
52010 12900
35415 78140
37830 40690
28390 3385
8355 73025
17015 43770
6890 10140
77935 69700
71265 11205
73615 5435
27480 52785
77300 35525
29815 12830
51180 32270
26190 38760
73380 44860
18395 41675
57555 76550
7695 56765
26040 10455
9985 42680
11825 20630
48650 30365
19440 33240
41470 40070
10360 35985
6965 62830
45790 2400
78285 37165
37365 62145
53380 28090
68275 33825
38455 71220
9360 68985
2830 8055
70480 68190
75490 34730
38865 45370
66735 37530
74920 2695
65800 46100
19750 49710
8595 56160
36205 37780
13775 37685
27605 40775
21455 18375
17965 78465
29810 7205
3185 37120
39040 60760
63695 50920
40395 71985
42415 33470
18245 41565
32780 43510
63145 38090
35885 33175
74995 26250
22100 53865
64100 47940
24015 31270
48670 57190
73810 5935
900 19520
3875 22105
8040 78250
68115 50090
78935 70180
52640 44600
74190 50335
5360 44600
79385 41395
63685 19085
34935 48670
59585 6145
52960 28610
16580 49265
6065 27505
14925 60290
20285 8295
25520 38140
41465 27010
49715 38825
61805 74835
18305 54140
36520 56095
33430 33305
73745 1865
59450 60840
71900 20750
1925 23145
58815 35495
35255 79265
35110 37370
70645 33635
43930 51005
32000 74215
69340 22445
5835 76625
690 76670
17745 40685
48100 7830
37815 31575
62430 63645
34115 8170
57365 37680
46250 56910
1660 76315
63300 37050
43255 59690
78650 54045
40400 46850
78580 19825
42790 42795
18990 70125
45230 17255
63520 5150
38355 78010
35850 18595
65475 63525
27255 29680
30210 32570
77275 58680
18220 53000
38105 10025
46330 61020
75755 18255
70700 39760
66120 14945
53415 58090
22550 29910
38765 34245
79615 6615
17985 38890
73670 70975
42515 67525
33055 34585
19275 78825
18460 64380
23660 25665
61180 56715
59615 60005
60590 49270
72695 79920
66620 715
44790 59515
78490 6315
40845 76030
45395 47990
68585 16560
50490 79675
26600 10620
49340 44915
39990 17075
17690 50610
13600 75180
39745 31615
4935 36150
42750 11405
64300 68075
60800 8165
16640 78400
45015 51860
39385 38945
13150 7925
63650 50120
66625 45595
13120 27070
74725 32285
47555 31600
59125 59050
73505 16685
12240 45825
51685 66990
47405 44150
75730 62005
5745 42210
50900 175
35015 75485
7985 30525
30540 48465
56715 49695
51330 76685
20735 19000
77370 49240
57105 4540
22655 13660
45875 13190
46285 52335
67325 3370
50495 35435
75620 67465
52555 17830
35450 62155
50465 68850
12570 51705
13515 15615
1410 32185
70620 4150
76250 45510
18510 29220
25270 11320
54275 23910
62195 58275
50005 9450
37005 49895
65490 76070
71430 24975
21855 62870
23375 44635
35000 47500
53980 54575
12855 79150
40560 2395
58780 10650
43540 26190
70920 70205
79785 11285
50685 50745
57295 60240
78390 39535
27320 22735
77620 33110
16050 40815
58990 46990
20500 15445
6500 22615
49995 7300
26385 10940
50285 79145
15160 44115
13065 26985
29095 24185
57220 60405
78630 10675
74155 50655
62030 51375
45490 28245
3285 9130
18885 37475
18320 7760
76040 41665
36200 24165
52125 47210
44990 28890
69885 68760
6985 38640
54515 79960
9255 70370
19545 68450
5580 77985
38575 21720
9130 18190
2665 57310
73955 48380
22700 13605
56900 41995
35400 44470
62800 1230
34295 50240
62450 23720
41045 3885
64565 59410
39625 78400
37820 61530
60500 47070
72900 64385
33945 40365
7275 18020
42190 73900
61890 40240
60960 36735
11175 27425
40100 18165
3535 21410
30365 57830
13390 9855
34145 29080
61400 44015
24645 75355
16425 58745
33105 975
46340 63600
20590 47615
48345 42410
64145 70065
72375 7850
67535 2555
64400 55235
31840 68980
22225 10950
58025 60890
30830 46990
56815 43200
72815 66330
39770 45915
26225 38285
72260 70885
67360 14135
41590 78370
45305 19550
25025 69555
76090 6765
28805 12440
75695 66520
17735 48040
67255 67165
7815 22060
37235 44105
67915 65055
74415 17175
63035 38865
51290 72515
68450 39660
22790 23730
64825 9830
39295 34585
33675 13505
72440 12575
79230 79600
75770 10915
66050 52255
24365 11470
520 52360
23765 3165
18640 59840
49725 40495
65645 9340
23850 23645
49260 78985
78495 33200
48220 2880
7205 16040
9110 18670
77510 64515
38570 59315
62510 60650
19945 7690
9720 74830
4665 55480
4800 46530
10370 6350
16055 72880
50540 12185
8510 15825
11420 45105
15920 59315
19325 48335
49790 23325
32775 29040
90 74690
17390 76065
72260 45830
17330 29510
31465 13730
15325 34990
63080 70880
37675 37735
76640 38160
47950 75050
58860 37010
2475 2710
18085 75415
55505 75430
42345 13310
31770 7865
66025 76585
15755 15375
55370 29510
17495 35020
54105 55310
65755 1165
16485 78630
28225 5640
880 60575
3630 77060
27365 24520
60630 78445
27065 63740
78920 7730
29480 115
41830 34865
17415 4510
3505 69370
33255 24835
43210 64260
46500 16755
44465 65335
18340 8960
15945 76750
18880 27155
760 74010
6060 72330
9110 79190
5025 27990
54370 9610
31960 11935
51715 41070
24590 77745
58120 47890
11215 38760
