1000 10000
6675 9810
4460 310
6895 3810
2070 3435
7300 7690
190 7035
7965 4815
7220 9385
6745 8730
9310 7735
550 2685
1275 8515
915 5270
2270 655
8905 9410
5835 6055
2885 4385
5465 9090
9180 7100
7865 8990
2760 935
8880 7075
9215 6910
195 630
745 8605
4805 5750
7160 4535
9680 9685
9750 6315
755 4890
3700 5035
6765 4990
9500 3525
9010 8305
3620 7955
7130 6405
1450 650
3290 5995
8960 8105
2335 4785
5760 9955
1200 5240
5205 3440
3275 2830
9035 9340
2125 8240
4775 20
4440 460
585 7080
1895 3415
9040 3015
8925 7495
2670 620
5900 955
820 9850
3945 6225
3605 6760
8425 4620
8130 6345
1485 4085
130 9405
5800 6135
7300 4735
5715 110
6285 5175
4045 9730
5985 3375
1985 3445
7610 1015
1065 3680
8820 1965
8330 9370
505 3175
165 5515
1200 9475
4375 1640
1550 2180
1345 9220
40 3695
1325 1990
4865 1965
9390 8815
7635 3680
6300 4260
4055 4810
5110 9765
9105 9635
2055 3475
3080 9325
5120 9355
3770 7870
4760 4980
1935 2260
2945 8630
2775 1075
5040 4180
2485 5180
5680 2905
2950 3110
4200 1790
5350 3465
8400 1715
1635 850
9310 3675
6905 3100
8470 4515
2545 7510
2765 3440
3530 6985
3230 8780
9375 1870
3525 8240
2575 650
9530 2950
5000 7085
2530 3200
9140 5790
3560 1285
4810 6010
2035 7065
230 2335
605 4935
3200 3855
8010 9200
7455 9895
20 3285
9175 5320
2355 8595
2115 8400
2135 360
6640 4415
5550 4260
4380 8980
2745 4630
4385 4980
6060 7830
970 1340
9605 9585
5950 5975
7895 7610
8950 985
445 30
2015 700
9810 720
260 5610
7685 7975
6725 7180
6075 9625
195 740
3570 345
1505 6915
3055 1945
8930 5080
8290 2635
235 1505
5695 5800
9475 2085
4680 7990
9555 1670
245 4165
6285 1960
9355 7090
650 1970
1890 7180
8195 250
3380 6395
7290 2400
3550 2110
4180 1260
2485 2405
5325 6150
6315 9715
6010 7755
6005 7105
5330 5895
400 8040
4470 9535
8850 720
4460 9645
2780 8615
5735 6505
80 4585
3040 1620
8985 6460
5325 4775
8160 9905
6925 5225
3565 4005
3960 5930
7335 2885
4540 9150
4270 7040
570 9030
645 4685
4495 1005
1885 3270
1230 1760
2415 1110
1590 4135
4290 2930
2895 9450
8215 4495
680 7655
8610 8900
1960 1600
7270 9235
7145 6455
8545 2070
8510 1540
8170 5870
7075 7470
4545 2235
1055 6125
9455 2980
190 1185
3340 2545
2965 9635
5900 1390
2375 7755
3310 2875
5275 1880
4215 6940
5155 1620
1730 5125
3090 7620
9220 1630
5850 3330
9395 1460
5160 8660
4045 3535
6475 415
2405 8035
890 5585
7150 160
25 3910
270 8060
375 1305
2500 2100
695 4335
8505 4130
8555 5280
345 6775
3495 3400
615 720
165 4730
3105 1255
6675 3075
1585 5400
5390 9440
7760 8835
5560 1545
7390 3970
5830 3480
5525 9965
6795 680
5395 6875
4645 5540
6060 1000
9300 5565
7550 8785
6045 5440
4495 6955
6070 4840
2160 2165
6120 4170
2375 9970
6855 6220
9720 9135
5820 2510
4120 6220
4940 1075
1445 7385
1935 7640
3525 9435
7015 4005
3725 1060
1205 9005
1175 375
9520 1385
4005 8890
9485 5335
4335 8040
8990 7820
890 5555
1915 9385
1960 3385
4240 1285
5675 7035
2925 2540
8750 2785
5450 845
4895 865
2830 2365
1175 7385
5805 3140
7600 5075
7580 2190
3770 1005
6810 6630
1610 5380
1530 7090
9595 3095
365 6160
6165 8600
2010 3605
1690 5835
8630 6290
250 3785
9935 7530
6950 2475
5615 8265
2470 5685
2320 2680
5760 165
905 5755
2795 5185
935 7375
2985 6430
2490 2360
740 9010
2710 8685
3925 5145
1750 6935
5670 6045
5855 9360
1360 6395
5405 7050
1950 6835
2000 190
9920 945
6300 715
6050 2870
8065 8005
2315 2600
6970 4485
6485 25
2150 2110
5905 135
4570 5860
6020 3660
1175 5525
1585 1310
9495 5450
7855 1980
9145 3165
5905 3530
2670 7245
4060 7660
1955 340
4680 1245
2025 4200
3955 7805
410 5200
6455 5390
7270 7165
8360 500
9235 9950
20 870
605 9760
350 5230
2710 9195
2790 6905
9895 9180
3670 9365
270 5380
35 955
6085 5950
8560 6070
3115 3415
1025 8135
8085 935
8330 5200
2820 9115
6270 2220
2745 305
8455 6525
7315 8880
5045 9370
5885 3630
4090 5980
2735 980
9280 1710
235 345
2975 2110
8670 4260
2985 6770
4685 9905
6170 2800
3650 1400
100 4060
830 8610
8535 995
6335 2920
7085 2155
3400 6875
4200 5670
2185 4690
2260 7655
8695 5955
5400 8240
2560 4180
9610 6825
4650 7545
7640 2910
9795 7615
1325 7915
5625 3090
4595 3865
4370 4120
6425 8140
2795 6430
1230 8485
2990 7450
6020 5165
10 395
4035 5700
9625 8455
7155 3935
880 1155
6740 7375
9645 4675
2690 1020
9430 2690
380 5895
5070 7940
7890 9090
960 4895
8900 2700
4370 4590
7085 1180
6070 9860
6335 1745
9660 2120
8560 3945
2885 4570
2185 3120
480 7655
7535 2200
3810 940
4085 7730
6065 3445
3700 7995
375 5370
6225 7895
1865 8455
8465 1665
7470 6245
1340 5435
7805 1200
3670 4610
1090 3425
7685 9525
5955 3030
8435 6105
4830 1360
3100 4980
7675 8925
7260 4680
5705 5315
4010 5975
2015 3315
1145 6505
2115 3365
5635 3955
8045 8430
6045 2425
2405 1390
2210 330
940 6260
3880 1285
6550 340
1465 3805
1810 2880
3225 9380
3680 1375
590 7915
4935 4490
2950 55
9355 3060
3035 7135
4345 7980
9675 4980
5435 1815
3295 930
4495 4565
6835 5455
6875 4970
4305 3340
4390 5700
6325 5115
3835 7550
4360 8625
980 6845
3585 3830
5655 8145
2300 1920
7775 5455
975 3995
2265 6105
5855 5585
6630 9040
9080 5395
5540 9540
45 4850
8145 5710
6970 4145
1355 9535
5600 1645
6340 570
9155 1795
8635 360
1040 3640
6860 5270
6295 6420
4420 9505
7850 5815
6100 4985
6540 4220
4500 2450
2575 5540
4240 9945
4815 6605
6350 8625
8590 7620
5710 195
6910 4830
4025 1245
2570 880
5190 750
8140 9370
7970 1750
1610 540
1850 4420
7595 5345
1880 5565
8320 5400
5130 4900
345 5130
4625 9520
5060 9070
8865 3615
7575 3105
5645 7435
5450 6640
9855 9740
8060 9595
9780 8840
4315 8410
9820 1830
3510 7065
5855 4645
3670 415
9260 4265
3855 3725
3775 1805
7635 8180
9635 2565
8085 75
9490 3400
3645 3670
4060 9875
4815 3190
9880 4035
1130 7940
9400 2290
2805 2880
9730 9745
7770 1305
2635 1480
6000 9030
2135 2250
3315 3790
7595 3930
8315 1945
8590 6435
6895 5745
4525 4930
900 5145
1640 5130
5965 8930
1785 7285
9315 4510
7990 7080
5430 6065
6870 9015
2870 7475
3905 955
4485 4475
4110 195
5480 8990
435 3955
5600 4030
4670 3315
5380 3495
7595 7385
5110 950
8060 7305
7490 350
9975 6960
8945 8100
6500 1600
3400 180
3400 8290
4365 5290
3885 1950
6365 1185
8140 445
3575 2495
4780 4670
6670 3145
1730 1180
6375 3050
190 9180
545 8135
6615 2395
9610 3230
120 6540
1780 1545
8265 770
240 5605
6845 7740
5610 6595
490 4295
615 775
2455 5625
9670 5085
1970 9270
2530 2675
935 8575
5 1910
3695 945
7595 5310
8775 9665
5485 7145
3785 5995
9665 3160
5425 9845
7450 175
5450 5270
8210 935
9405 3175
3440 1540
9600 8145
5370 1645
7890 5230
1410 5625
4695 7960
5565 9665
4825 2260
5170 8945
8720 2840
7875 4860
7650 5985
920 2600
2880 7350
6240 2580
6490 6605
2825 2105
4440 9695
4345 5475
8875 3580
7490 3835
7395 2230
5530 9030
5645 7645
8695 2840
3355 9975
1200 2750
6405 3575
1500 8535
3510 3465
5210 9875
3535 550
865 6885
2020 2425
8430 9655
9405 9295
1645 2155
4120 225
1175 625
6125 6765
1565 7490
230 7245
3840 515
6805 3615
9895 3880
555 1360
6420 8130
800 2190
1315 3715
5390 8395
1255 7195
5100 2955
6390 7060
1945 1195
1365 4670
9415 8880
465 9720
4810 340
4915 7610
7045 1005
6505 1590
6650 4940
7495 1395
5170 895
8655 5920
2765 5110
2565 4140
5895 9995
1490 4030
505 800
3920 4160
6505 5330
9470 4165
3210 610
135 7825
1215 7270
6085 6155
9970 7865
7300 9525
5030 4325
2080 9920
7995 4125
2815 2360
1505 2120
1900 1150
8990 9455
4870 1665
6820 1835
1485 9600
4875 4145
3330 3400
8055 2780
2740 3140
9105 3740
2660 10000
2060 1450
5105 6080
7430 40
7230 4645
470 5265
6770 7320
4845 6540
6400 6280
4800 1075
7420 8130
5900 7650
8955 9095
7905 7755
8325 7820
4505 4525
5570 6335
1020 1320
1895 1865
6650 6400
1020 4170
785 4270
7025 7655
4240 8860
2655 7050
6250 9370
1675 7280
7235 6960
9495 2960
5690 685
2335 7115
1395 8770
1330 3795
9850 7055
425 2995
3655 5720
7655 7435
1370 5050
7620 2180
6465 6590
5860 8905
5625 5765
8470 9545
7370 8175
8415 3075
860 9535
3675 3650
9430 7225
3515 1705
7680 3540
2465 6480
980 3725
25 3530
2660 200
2120 4475
9270 5255
3850 9845
7215 1650
2700 2725
7940 3810
7445 5840
2355 4580
5295 2680
2340 6530
6690 4930
1155 4885
2980 965
7945 975
7505 6915
3670 1100
5015 6670
2150 5085
8290 6130
9755 3305
5930 6955
8155 3700
4700 8450
8945 175
2905 500
6225 3190
7645 2080
4970 5865
2155 1655
4145 730
6660 1015
5895 6315
9785 6380
8125 3235
9625 5990
4125 9650
6350 1745
6400 4485
2570 3610
3785 275
3800 4610
8895 7830
1380 1965
5240 7580
4400 2185
7130 10
6060 1655
2955 6165
4845 8900
4575 2365
2985 7590
4235 1210
6380 595
3380 2775
9760 975
3430 5475
5975 2140
1430 2745
7230 7570
3365 9145
8910 8235
1250 5345
7145 1075
7955 7135
5180 9040
3555 4390
7015 3995
415 8905
4500 1155
5055 8055
410 2380
1565 405
1035 4185
6605 2875
9720 5380
8165 8910
3655 6405
2255 9440
785 860
9465 2735
4255 6480
1895 2780
3755 2755
3640 5890
6630 915
3285 8570
3040 5950
4055 6230
7825 3560
6710 8665
610 8880
2525 2160
9235 9395
8470 8525
2470 4170
5110 3815
7665 3320
3525 8700
8535 565
2790 3885
4640 945
6130 895
1395 830
9010 9380
4130 6500
135 4635
3560 4675
7665 5280
3130 5770
555 9630
8220 510
105 940
5705 5085
9515 185
6360 7855
1735 2415
5205 7910
7885 2325
8385 2210
2450 2910
3805 8590
4955 1215
4020 3760
6885 3665
2345 6880
7900 5770
7460 7645
8340 4765
9510 7745
1515 3885
1565 6205
2250 2005
5705 8045
1150 6885
3450 700
7515 2100
3665 8060
6495 4400
165 4035
2815 2455
1325 5060
1415 2920
1750 8985
8495 6450
6945 9165
5500 7305
6325 4795
1110 350
1575 9730
5405 2775
6770 4940
4580 9185
5485 170
3650 3870
6205 4170
5505 25
4750 495
1065 3540
4060 525
5175 9590
1575 680
4990 1410
9390 690
1105 3250
2395 8475
9765 8600
1035 3590
8370 7395
3515 4840
4585 8015
5545 8085
7335 4625
3950 5830
4970 3805
8615 2025
3945 3285
4695 5630
6580 7255
4690 285
6295 580
4575 7190
7765 5305
2995 8170
5075 4120
2185 5390
925 630
880 6820
5310 9410
4440 2085
8955 6450
365 1790
8035 2770
6790 120
4335 5025
3210 380
9710 3575
9225 8580
7030 6480
1605 8730
7700 705
950 1810
6665 6830
2740 480
6700 1070
10 7805
7490 400
8860 8030
1915 175
5520 3065
5995 1060
95 7985
