8000 80000
35145 11985
37590 71405
12435 23945
26865 5955
29500 55630
12495 29975
39710 11395
44140 54810
73715 35605
72545 31810
77985 63505
51035 4900
8510 41490
70220 56185
19505 57655
43345 66360
56685 74355
10255 54255
47925 29760
38435 11215
73920 50525
25230 4395
54045 75620
44055 76690
63010 71375
32335 70785
3250 57835
48745 45170
31265 15435
16595 3795
27440 10280
58650 57815
43865 60970
34900 24995
49750 6460
46295 24140
50865 66620
77575 27675
29365 48510
31360 3025
78550 52705
76510 69395
18965 18780
75785 49990
49910 55650
15285 35655
64695 16770
72310 8115
78350 6310
73145 6995
70510 71795
4965 66360
4475 46905
4620 23580
54280 71885
6105 22230
52040 37270
36280 11950
50825 24420
13310 15765
9445 29380
75815 62905
61845 22700
36505 47450
23690 49645
8720 50380
2315 26450
66035 31430
2585 25715
64865 3275
59790 220
62520 62685
40705 40400
4925 79895
72265 50260
39080 29670
64845 345
40910 47910
66535 36280
56420 29040
48340 78030
20030 62955
48570 34715
18850 665
3795 70355
72715 48535
38065 31490
54195 17200
60425 35480
76405 2800
75830 43160
13255 78330
59795 74235
34395 77825
78435 12740
57805 53625
24630 20455
24880 13970
61395 29900
53170 1325
10515 25195
23245 11050
51905 50310
6720 17805
63930 15310
9940 64220
58525 49730
1300 75090
30615 25675
77060 9115
25210 50155
78005 22880
20155 52380
785 17920
49590 67985
79265 10160
58325 43185
11435 77115
65835 37145
57680 30070
45055 61245
51880 57830
78515 55
51515 6370
65415 15245
2400 16220
58555 75150
18570 48725
61745 43500
79475 66220
57620 33975
76810 26135
8505 34615
20325 29100
59375 48595
70240 385
56590 46225
76915 37940
49635 50650
6315 49410
54315 13935
61915 52360
78055 72110
15495 52695
16330 20560
34855 68690
21740 74315
44210 16975
55900 55360
3930 35390
76180 63525
77535 61150
23060 53415
67675 29990
18675 30430
12535 36820
61165 79235
77935 50545
43235 71590
79005 52735
27350 78655
35680 49800
78850 65310
17265 67090
58215 78995
75870 22665
34280 54950
76230 72500
58415 37830
9660 20125
54600 33290
62320 49930
59290 35270
14360 35165
63725 64290
31235 3560
38850 60925
65015 50165
7300 3740
74105 2480
34650 41835
40130 71325
28815 49485
33995 4995
19470 18075
61590 70265
62675 60890
50660 17335
79965 76630
6040 67135
38315 63145
14505 13240
49645 25875
13615 64795
52640 27655
13395 8365
4740 41385
9280 5435
7795 17420
40260 23795
61145 14590
65755 34725
69935 18395
65145 10590
77035 15655
29300 76895
18015 38560
32315 77200
52495 17135
78190 75135
30650 64055
46285 54950
50265 57285
6770 48955
48190 31775
56625 15195
58910 61415
62235 59375
28605 32430
43480 54950
50815 3515
53015 40425
78385 23165
51425 42435
13725 25575
5590 49785
11125 49360
11805 77100
25070 5120
22980 21045
38005 34245
5480 38240
27280 61815
69240 9790
15225 68110
60180 60480
6895 76210
20990 2950
49010 205
52255 12920
52970 43180
62855 26380
2090 58965
53040 38705
61515 52120
32145 57810
15215 4530
7865 14760
72630 44150
22910 26930
58820 2195
66040 45530
58670 30205
54575 69135
66920 41555
9265 9955
2300 70905
63070 9705
40500 73500
35520 57510
20440 23855
90 33735
7965 25700
53040 44815
65200 12530
22340 20720
26050 26340
11880 58565
31390 49130
43935 10260
33145 73770
32565 67875
35315 37960
53145 71650
59075 34785
49505 31455
22015 34015
15045 48035
48025 58470
67145 30260
14885 35605
67585 55550
26345 40480
19600 2800
17430 47515
25490 59935
61165 54805
44515 67955
4900 34665
43045 13930
22715 47285
40220 55190
66280 72090
79270 42650
12750 18725
70260 40040
64205 42960
35475 5850
43655 28915
27630 69630
37485 64055
42450 59560
57060 42620
77040 51800
45635 26280
17350 44500
24275 5280
18595 32385
8365 63115
22910 52865
38190 77655
35185 66850
67550 47360
54040 30760
65660 420
9760 24555
78535 40520
43495 24360
67335 10435
27390 16970
62055 29180
45230 15
55840 44930
35850 7315
61940 10845
13075 4955
28255 23000
58255 16875
77430 18195
52925 60840
59895 52400
21245 73210
70395 25040
34805 30145
7430 62390
15095 76010
7105 12775
45345 65225
1100 16880
62245 73645
29700 10165
27680 72505
55260 48195
27345 23210
73195 5890
24135 60335
46055 70885
13080 53815
31200 48520
9040 78685
31890 32385
13900 54375
18650 22895
53165 27770
37475 74490
71345 46515
58170 38295
58990 11970
34190 64240
48075 7605
38580 39520
21105 23935
35705 50345
48170 22125
6220 44105
68405 24980
2955 9315
16230 67780
44080 47165
11060 11845
8200 860
65940 24865
35870 34390
52525 32410
49300 6915
16760 44120
6200 18390
62810 13640
54015 50975
32045 67985
22430 65300
68175 76990
78690 52575
32025 19855
65035 5150
69230 69495
7090 32755
12475 320
35550 53810
7480 47470
78585 64645
26570 74870
33575 46555
37345 21695
38555 73685
71680 7865
70610 10880
30410 4115
45870 60015
59955 14220
20120 14230
66420 75320
32135 16405
54180 32505
18410 55950
28505 17295
31755 76990
28300 7880
45185 73935
74985 11865
70625 50935
18510 36060
3860 1825
25785 70375
10370 15865
15415 10935
71780 25640
62480 63640
68150 3315
27865 11990
62065 27530
39260 54025
59210 57070
22405 6460
10050 55180
34620 75855
20560 2315
72645 21140
7820 10270
10110 13955
22420 67130
36665 24535
17255 31455
12810 2400
72465 39085
47350 10975
53455 10895
26975 16860
48490 65605
15165 73430
1830 71225
12735 64315
41635 67775
55890 49235
68280 51275
2175 72505
48150 34140
21230 7555
5545 7380
71290 52575
18855 45080
16860 305
47130 13250
11065 74385
9160 31950
72420 68285
15495 75145
46300 35250
13170 36115
35615 11835
30760 40495
51890 67650
25930 60875
11375 55760
66135 74580
10055 74675
16605 29240
14090 76915
7995 4185
62340 65340
22195 7430
64730 26455
43370 32690
25640 68935
5410 5230
49195 21690
66230 69105
49120 70130
33570 53775
2765 70110
64365 7210
19720 29005
45885 39480
23885 395
24335 1415
50795 70960
63735 3170
66075 44755
78380 44215
6310 58250
6990 79530
22305 25720
14560 60465
14850 31325
17900 45860
17255 63845
51145 63290
49825 31090
69200 11920
63850 20460
15380 70360
60980 24090
73275 7090
63970 61150
66855 59795
33885 39855
36590 11935
20960 69985
42835 73940
74020 19285
39875 33065
24550 34965
77930 24015
29495 61780
51340 61330
63660 20935
57335 33590
8660 43575
10460 12265
43730 24205
25950 75335
35060 67410
25730 19065
49050 38060
32115 54900
70930 2955
43370 73595
2560 46390
79460 67890
11195 28425
75790 52445
63070 68430
73100 33530
69700 52550
71235 40705
25750 8270
28000 22870
57725 63815
7300 62100
39495 29695
1930 41905
17735 57710
18005 33315
41320 2730
40010 40790
22345 34840
33975 60835
535 61445
70895 26420
72010 37735
14560 70165
45435 6875
31275 52130
62925 79535
30940 78280
62290 35080
22035 3715
14300 13305
53275 51075
7685 63695
5505 29720
40320 37600
18740 34335
73695 62035
67015 1890
50830 5905
14515 63670
75770 54005
38235 23325
53840 23140
78975 19775
9560 69935
23160 60670
38515 38615
63555 28550
54375 48500
31725 35325
7535 12855
17155 42860
63350 49450
50380 35225
45365 74375
405 79585
52980 36615
69845 45385
66110 72790
46015 65040
55490 36565
43965 57870
7195 70025
49615 43460
30595 4595
19910 6915
9460 10490
66405 69415
76180 57760
66755 78120
73245 8590
21710 11075
5545 3750
31460 39855
43775 17275
78190 58715
66415 5655
77665 3590
31880 26705
31885 5530
15060 51015
19650 10530
28310 40305
34740 31335
2455 31935
2555 62275
15475 53130
73955 54640
2780 68040
755 59240
75040 8975
3910 15275
28545 64715
40540 31565
37070 12745
43715 41080
61885 4860
9175 15975
26150 9935
39050 29920
78130 32210
43320 47800
16495 17080
24090 15885
8735 17180
13380 55010
22945 29945
7605 19945
38025 25730
59130 16295
14835 54815
16790 15600
56940 14105
78490 32340
73215 40335
70680 51050
43175 16680
65020 53260
34890 48460
55290 48955
21755 70360
51475 19450
2015 11275
41715 56750
5815 29910
2765 5980
21530 14040
77770 18695
70980 55595
47955 19695
10175 15040
46455 77600
62140 54310
10235 64955
67865 16975
65980 8790
55320 58960
57725 37025
27940 65555
73190 19435
75795 54215
2065 26730
29755 3045
17885 58170
63155 1520
8660 19430
57080 24495
55790 34235
1800 79945
74500 45135
51770 71535
44310 73220
62170 13640
18005 44120
13865 64585
64385 15205
63840 73570
7505 64235
45420 51540
54790 17390
55345 27105
77190 45250
77640 22245
7115 49740
39455 66710
145 32815
73475 9115
73670 71550
15355 65270
3600 6450
29735 53185
34730 51455
10525 48800
20580 61935
65910 3650
47880 50745
39625 57240
70720 4775
57955 73055
62750 8625
3825 58865
46215 1575
41165 26505
26265 58145
29295 73605
47725 29100
1965 63640
55270 9905
69895 12120
31240 27685
67345 56485
57920 19765
59585 21430
27455 22345
51725 31825
46635 62925
39010 67705
16430 20440
36155 10260
67395 68370
70095 68310
39610 69020
32830 49100
24635 77715
74655 1730
49020 2435
48590 26840
52030 69465
12250 25205
69850 26870
51180 19240
19905 77715
22405 69100
65680 77175
36860 53165
13250 53960
38730 79965
57660 69310
26740 5670
5690 46960
77435 69100
63595 61290
34160 54230
57590 45585
44910 14970
17170 1905
49015 57990
63980 29825
4765 3600
42415 71225
885 48375
38780 31585
43575 20625
49305 15535
61380 38980
44035 6005
71485 3465
50975 28975
56935 73170
57150 77945
78005 57230
53625 4860
39625 66525
77755 20455
39590 3765
77790 13460
59020 62265
28090 58120
39215 48225
38710 57145
78885 38600
2755 56095
8345 26490
74620 44740
56670 31000
29415 15270
46170 49785
74000 79565
65680 45680
59945 8435
9705 19680
71960 50200
70 10765
54230 35635
72735 11710
68955 46045
75640 49455
21275 61245
54945 67580
47980 70805
21425 64665
8470 42685
54790 15570
31115 41035
1255 20435
43590 74220
55695 1135
60700 17695
62295 11815
66645 64415
72480 13830
7665 45805
57415 12610
6430 72405
41330 13985
5285 10880
71655 22440
34995 1420
3640 6515
24135 16520
23980 26800
40405 36535
67335 61510
44220 34510
21725 60740
19255 38875
19350 67900
29410 65190
51970 78355
72265 24575
50135 78635
64575 33210
805 67710
78375 67515
33410 18720
15270 27660
34330 20075
21445 34720
59375 65680
52775 23040
52725 7485
9685 61075
23500 72670
40990 9385
43520 66195
16465 3985
58940 16880
34365 33420
71015 2255
75655 60970
47890 1355
46865 67920
42175 48240
66880 39065
405 48800
32625 41335
73230 4340
59800 70965
70795 23525
36045 41040
71475 32115
66240 5255
60280 60805
1050 18275
51700 65755
10870 54135
27475 5525
17145 5500
55540 38180
8330 58945
14565 35760
21140 7645
26830 68965
20445 7530
25035 49325
56755 51920
55930 49945
6210 4535
18700 35245
17855 75695
57920 32145
17030 40085
53175 46965
35555 44240
37225 2860
27325 54765
15865 20050
25010 76700
31940 9535
53190 77740
40870 11365
54520 36390
12980 64215
47915 55530
58185 25625
1660 11335
69365 23875
72660 60360
2625 32400
70065 67505
9215 69580
4665 78090
75340 38345
62470 12545
19650 32975
8855 20850
55525 5995
48765 23145
43215 12450
53920 63895
38580 9275
67910 19020
69405 77085
25425 51500
29135 26460
46290 57700
4935 9050
75735 63850
58775 7480
72360 17855
47185 30670
35705 35755
64255 77290
42880 2020
53615 70280
73245 20800
38305 54025
7050 54980
46850 70700
44250 53555
47805 61040
67270 9915
37345 23785
21065 48320
11730 34575
6820 18355
46920 72075
14515 11005
54720 42415
67180 52905
19870 75170
26110 15590
54600 22260
11035 43880
22825 57860
26930 70535
23585 3625
7010 74250
51950 74125
64035 23670
49790 28380
6440 34315
5835 71265
5490 49455
44815 73330
70660 71525
8845 30
47100 78720
50475 33430
35295 35090
14215 31005
29755 22370
46610 71035
58140 13710
53305 50895
26790 66705
58845 51140
78495 9495
59745 72085
8285 9635
61470 41020
17525 56990
69565 27160
78280 33950
36585 48885
32300 38270
78125 33080
76075 36950
49065 73905
75045 6905
10760 18365
15015 76650
19470 67025
45140 41195
35785 1560
1190 24605
2620 65265
27760 32905
4785 53305
12140 22270
6650 23205
7775 63540
32010 38610
7865 34665
15070 19815
46275 41530
64985 65715
21790 4855
73965 71085
74065 55385
68940 44525
16155 78645
48585 34790
33590 23840
74205 54440
72765 54830
32005 26320
61760 6445
27320 56390
21965 76510
22555 29735
50810 26765
11090 5165
67090 16130
21795 4400
66590 47195
63355 33680
48135 68125
72315 7715
53285 35115
10805 11250
9290 18520
45765 44405
16705 25555
21245 34220
20270 2380
63380 45000
53665 67710
6135 17740
58840 23340
23180 40580
65720 13465
41535 67130
41250 15305
18290 7260
19035 58455
78835 73540
18650 79010
32190 35780
73260 34690
47655 1340
50030 42405
46005 40705
63790 48985
6165 29700
40685 52355
50060 7860
66585 72355
24795 16740
74185 75700
73360 18935
78665 61460
43785 55160
57070 690
35815 12410
10975 59695
59565 30855
25470 45755
13305 36650
47110 56140
23025 48140
4130 7750
61765 42775
40350 62035
79780 15295
54030 42315
9360 37915
64070 28890
26095 43955
18370 64735
76765 18225
4310 40065
75720 40970
6190 32155
53955 12905
15190 79280
7245 14145
54095 37025
28245 25495
44350 68625
21690 8395
70510 51750
74025 76180
25935 57945
68360 63370
68580 43700
30015 24835
39250 15155
9285 64130
78160 43495
35770 2275
17055 34715
50070 9850
77625 25015
32095 24255
31330 50375
390 33320
61810 38905
40880 62190
67420 26360
41105 25805
58660 59065
39840 29945
6715 2100
49835 71175
51860 60805
77230 9760
75545 45525
76795 38160
19215 23120
54720 22075
46535 42375
44495 33945
24925 30740
61665 71705
14250 23980
29720 46655
18925 19110
43620 1805
10745 28215
75655 32860
60155 72410
29440 76255
43880 33135
56630 8780
12320 78200
63885 58785
37095 7675
79580 60255
61415 28405
59270 56000
49745 19520
55995 34080
4425 60285
55270 64205
27835 3725
14455 105
78935 5780
45565 20685
45775 12465
40195 38990
77895 32435
53595 3735
52070 52260
76875 59575
56860 24480
46490 7875
72210 55440
45125 74010
57380 35270
43050 25950
65375 51960
18315 31175
60085 30150
41110 46915
74790 51005
10670 24280
65230 50945
5875 12270
41400 46985
49140 25855
39965 4850
1300 46055
44545 56950
76885 56185
35100 28295
61655 73365
48080 41510
44965 44905
26580 66320
12135 53925
78070 33635
17705 65180
75260 3045
49820 19395
51120 37785
66080 66385
23565 28740
12685 29290
58820 17495
35715 17790
67700 66315
17145 7705
64900 76020
50210 51115
31645 29410
74355 67940
25385 37765
36855 37305
39060 53205
54930 41675
15175 72350
28870 48620
22205 18835
30030 51695
27920 40275
77230 15310
35655 31615
16185 10755
9720 44475
4665 465
43275 59145
1620 69825
56360 46730
8030 8730
14070 9310
51765 19465
2810 53530
5165 28715
46770 12845
1590 46630
10190 14270
56120 51470
59470 29645
31450 25180
49045 1175
79305 61485
53030 72455
74610 18595
42610 31575
41530 35655
43740 4050
47760 77185
21050 53625
13590 69155
14165 67705
53085 51310
31365 51660
10160 7915
55320 42350
4070 340
5480 17790
72830 78365
21815 74140
4655 23500
41815 40065
70025 41160
17250 2965
76510 42850
79495 23130
75380 49495
60455 2310
52690 33095
12560 68905
20650 59870
41825 62275
66605 5030
4205 46520
61485 41010
33595 40145
9630 25140
5145 40840
59645 65040
35730 73060
9525 34165
10400 19205
43600 30210
35365 5375
18260 44320
2950 73590
23500 73565
72500 27995
36705 40805
2840 41840
55060 28560
41500 66205
57850 49945
29860 50105
70340 47180
39555 66840
55780 16415
50815 27170
38765 49475
18565 41085
61720 78450
52820 5835
19390 2220
39770 54845
65435 6695
24465 5935
6945 24420
45435 49130
40035 68860
37455 57915
33995 11375
1315 11590
1870 23685
60035 55685
55485 52840
75865 18440
75955 50340
72060 21670
78215 4255
14790 55180
36290 39175
71310 44680
23770 37285
17245 67845
34285 42925
24975 49935
11760 6915
14470 5010
58295 77465
42120 30550
31590 8835
19625 36850
22810 71385
24565 30690
11820 37925
30960 51560
59715 49705
38585 60630
57495 44120
9605 65365
21410 67700
41860 58180
885 77835
54215 54870
2830 6860
64060 16855
31245 25180
8155 67565
26935 70755
71170 37560
31755 63575
79300 54675
56125 5485
40500 16025
12495 41690
56050 63500
53105 32175
13495 54955
30875 16195
67455 32895
42800 49205
57260 35270
16075 55380
64065 43535
28050 43965
29270 39895
59870 21865
73760 37635
49185 31960
14295 2860
43050 68235
52380 47400
56100 6995
39350 11480
51650 5335
72515 300
76170 78420
35345 34175
67330 76160
12785 21800
46370 6775
78195 45990
2260 6965
12085 47425
2680 62890
19975 48670
70840 79110
49850 51565
1550 20275
1710 68520
46210 66385
35115 67440
56915 61415
37535 38135
13210 15370
32525 48635
10235 44510
72870 29585
45355 23380
50040 1405
10720 61135
30905 23395
32305 19350
8710 485
68140 9675
21915 29860
13725 65820
2270 39875
62020 47890
12490 72030
75550 23000
565 39555
74040 73805
58340 51785
63000 75935
62280 10040
10645 72925
69600 14845
52060 4875
71350 65975
73725 54350
34685 1310
505 76145
46820 58660
23925 42020
56790 24910
57910 48060
2920 15945
14125 67590
2010 46250
51095 60770
19055 7865
69075 40345
2980 7825
76400 57950
44365 5485
33440 7855
57610 35445
27245 62990
41335 28470
58250 19805
68295 10825
28115 43440
67440 66585
71965 1150
61615 39525
22845 67640
9825 9190
30055 3090
42615 37915
47580 24080
38895 19975
6295 30735
29855 46680
29370 26280
9465 7390
50200 2265
2575 29360
75705 9490
22010 64340
36425 19690
39000 7565
13050 74910
77390 37060
42085 72595
11275 23985
46645 61775
15345 1545
62135 2945
62040 47760
75485 24125
27235 21675
6385 64965
53265 71130
42710 60320
39715 24750
37880 58090
55885 55685
44615 32135
21825 7335
18650 69790
63920 38100
79080 54865
1350 28665
78445 48265
15085 63605
69060 4900
55815 43460
74210 56595
56295 79935
13700 1760
28090 49920
23250 5160
57765 37985
52180 75310
50030 34890
45 11480
31370 76965
6385 46845
79135 76475
7465 69115
46880 34400
9240 76140
2155 28500
68445 12665
63760 6105
68950 45085
58160 78175
24770 68925
35410 28870
25720 61835
20960 15285
58965 39965
52910 79385
24590 2125
1770 27825
47840 15240
56085 76690
64850 78815
30825 42305
64185 36495
60495 47860
2150 69495
44635 40795
56200 42990
37285 32570
24870 31035
34445 64440
37685 52180
75680 55740
57415 55305
43940 12300
11590 20995
21510 740
7765 36600
20305 13700
49355 30235
63605 49040
64090 19410
20855 445
26450 6980
32460 36565
4720 21245
22170 75235
19295 1465
14375 54415
68340 48290
65440 44175
37595 16350
57485 48260
27325 8280
24030 45600
28580 31375
2210 4255
26410 57795
73505 42645
71445 63395
13880 20770
78205 27290
56860 70225
22115 55745
56235 73730
34050 56975
75295 53880
65415 5575
26520 41725
75790 46860
56405 22475
4340 13195
31285 7830
48725 7690
49720 53075
39645 5865
2840 12100
77295 3610
66975 70205
28085 38035
7010 40180
61520 18100
50790 42555
56820 39405
16820 54265
52110 64570
12520 15520
74350 50800
11740 30905
39975 8710
53055 74605
53985 21510
65725 3130
72670 14905
37110 9575
34175 60190
3745 18010
41175 78450
54065 23350
55930 24780
7265 6865
19565 77060
23420 65540
11150 2700
655 52160
7825 80
63900 48315
11435 29315
62825 3430
61780 79005
40060 5300
21340 40290
45925 30635
60445 8315
55735 42325
51110 74950
46900 74515
19935 36225
25620 35970
61045 60070
41250 27945
48265 34870
49550 57510
48280 1900
35195 51995
52830 75335
54400 29325
14735 59215
26730 19875
45230 43500
14985 65265
26470 70090
62875 68215
69600 67660
63310 32360
10565 11945
5105 35365
1035 71755
65430 27800
69320 66335
56315 52805
75680 9345
40965 9775
33185 24035
9295 20450
34150 79055
5450 33210
17790 42420
43165 18265
64615 6715
14330 70080
19450 38095
30250 13600
19035 37585
59345 9590
44120 905
25210 2215
10000 71035
75575 55450
71375 60550
19675 39450
69285 12640
58940 9000
62960 61775
6655 72255
72615 39425
31965 16060
54470 19950
39860 48135
12030 74545
18895 74245
76645 28995
69750 39705
7350 60
48010 27710
48830 5665
5755 37065
25290 26320
78810 46935
58230 69965
40400 33725
43290 9230
34800 54745
58250 20810
41445 70080
16505 48875
56270 63250
400 45565
76430 18865
71340 64550
41105 71980
78650 27835
48135 15785
11040 32635
30790 15625
1945 33485
75465 64780
43110 11090
37945 42480
72775 35550
78580 52980
74175 53615
55740 76890
57025 61565
61940 38175
77125 150
43680 34530
46825 52865
38770 20505
12740 11800
77520 64205
35295 16035
42855 22375
18645 30255
45200 19410
25660 33770
51450 77880
52165 64370
75870 6325
3315 73670
420 32670
64325 17040
2795 38100
46755 47330
24220 65715
7240 8010
37670 56005
62810 69880
42185 32755
880 73115
41010 63530
68705 16845
13540 15615
19540 36375
4825 36820
10785 6030
43795 59995
56980 29770
29335 44985
23245 27650
8080 11695
53225 42605
21955 32325
70765 41215
71020 75655
19955 24760
10540 74280
41045 50280
41385 65370
52020 10385
17890 63820
31425 75350
63500 71600
53590 59235
65515 40240
24820 51200
19885 71700
30455 18410
31925 40335
4425 10895
25605 16930
55240 43165
31750 49505
8225 59905
68820 24570
20205 10880
21830 78155
29085 34280
57560 20385
59030 51440
34125 29900
49480 78375
36525 39040
49795 35240
20830 18410
28340 45680
41710 48075
545 37875
70425 48345
20795 46995
22490 52605
36745 10835
61430 35905
1940 58895
51065 56850
66185 37170
42165 30115
45085 66415
29130 77410
62115 30740
67480 40605
4180 49960
7265 71245
62395 28345
18765 25345
60875 55560
32980 5285
8430 79025
29985 46835
23750 66675
78525 9560
41720 54775
31665 41360
60720 13750
70870 20855
32935 14965
17230 78100
59355 53495
51290 52765
39585 35820
62015 45240
79940 59720
66500 24250
8915 37145
12270 34080
23255 69645
77090 33260
58165 68400
47095 56645
38445 51285
735 67750
15350 28370
13345 55670
15110 28120
20060 25475
10445 47645
47970 73310
49450 59215
11535 17640
65745 20155
37340 3170
13200 27395
64800 31640
58355 8405
73975 5330
29955 43605
57080 61595
29605 4540
69285 66090
12905 39420
50555 56265
55710 75260
52425 54440
17180 29840
71340 9930
37575 31405
15695 64465
55680 9875
25070 50190
1940 17475
12900 71445
29190 11950
5920 29345
69305 66495
50440 29490
63940 25825
72650 8600
67380 16935
27710 5705
76895 3685
49755 46040
42035 61850
8595 11710
15160 49165
14635 67595
855 26345
69865 67610
24205 1650
51300 15130
20595 40780
74880 36560
50115 45875
45210 9965
25330 63965
39810 33670
2870 61275
13415 74960
66300 19375
1605 49950
5080 34450
66580 77825
46085 60625
67250 3400
70860 8560
41500 35540
49185 21090
74825 43665
11175 24765
13815 42540
17390 57785
1730 37095
61860 18950
47490 7965
33510 78045
74095 54825
30130 725
40075 70490
10880 21885
77090 32050
6305 1210
55285 71905
54940 51895
67660 1030
41735 60690
16760 68780
4655 17480
22815 44540
50690 56375
67620 29915
69860 20670
33150 67070
69740 52260
58385 1820
54580 18485
28805 62865
50105 24235
65545 63405
12065 30475
76350 2920
75005 64140
58325 9310
61700 31675
31290 65035
21325 44975
37170 6175
75300 27145
28275 73110
35935 17950
38360 67180
6520 64740
58810 75750
42620 71210
68135 25155
79780 15745
67025 40770
930 27710
76635 11595
48945 79075
62645 63765
42835 65185
61460 17285
35775 65040
46210 52780
37495 21690
47190 9750
16615 49600
61725 32220
13490 39970
19525 16640
53250 46135
8240 46525
25670 21680
17290 4920
37280 43695
65830 31645
555 30450
29455 7645
14915 18225
53950 11735
14710 23140
72765 44500
31140 24015
10425 1045
37925 11545
59605 44045
71845 23745
26440 33990
20880 23135
31855 54250
55575 54650
16330 64135
29035 42110
38760 38920
32840 1100
17465 33800
55600 28170
71940 62690
3810 9445
13075 26620
52880 40865
63585 48695
67395 49285
11715 75905
64840 75670
39900 18800
48435 42835
48170 35785
41990 49975
44190 55845
20765 58850
35550 57705
30775 3720
1570 25605
29835 74285
47225 75295
76570 63195
14250 68340
21065 58730
72575 79595
44895 69405
46445 35880
71485 51995
37930 39355
9670 48605
4515 32265
46385 33590
52790 31335
35910 37510
25730 25645
7980 54735
32360 70185
65190 30015
68115 49740
35110 79370
39300 51185
58195 29065
16460 44190
59730 15375
65575 49220
60280 15300
56025 45000
5620 48720
73850 20580
48535 52510
22825 75395
4360 20785
11275 49125
46245 310
78905 19150
21030 78230
44900 43135
48760 73850
19860 4845
51985 76735
37880 10770
71280 66435
54485 77860
30405 35685
69070 2635
12205 38895
49460 14560
2480 73915
6275 33595
76205 34435
53695 30620
60590 41575
40470 41775
28815 27880
21225 77530
23760 49480
14935 63145
13930 22190
69730 52675
7885 71070
77145 75095
32410 21160
7805 75810
49830 38855
23825 64245
2540 57430
48350 18925
43295 69135
64910 35830
46790 36820
61200 16495
55570 70660
13700 59775
18380 31605
46505 60555
31705 37630
48365 37595
5465 44325
41655 75575
70135 45270
24970 42135
32310 15870
21610 57755
65735 24755
51975 3600
28775 67845
46760 67535
41540 52280
48920 11425
19875 4590
20160 31155
66920 26585
40205 37105
1390 24575
31865 68435
79175 52070
65520 33890
27530 67320
4190 45025
59415 20935
41375 44985
61685 53525
56960 16820
3660 51240
1615 16225
70960 20215
19420 3590
11320 32370
56180 18720
41115 70165
4425 20455
45310 57910
61155 57005
30875 41160
50465 65120
37570 9230
19490 24825
38040 16280
52100 46480
18545 18825
36505 45505
49280 13780
58485 43000
48760 56750
67430 79975
55415 68390
44090 9110
61305 74765
37005 39290
40545 49900
25670 40195
51295 39595
785 46730
39180 54160
2130 8000
77620 12975
34845 75665
33370 47575
19245 3090
30925 60800
25080 43290
15325 40445
44800 75160
57590 77975
59375 36855
11345 14760
27195 10470
6185 59740
20475 33765
53620 55940
1180 51665
29235 21590
24075 29575
73620 66485
670 68770
5045 4190
7865 61050
15235 46805
60070 78300
7665 31890
49590 17695
50070 40750
68010 53420
24750 18815
46520 35815
48915 12595
27705 68835
76160 69105
28015 64680
49930 32785
46455 62635
43700 27170
35345 21910
76230 3745
49685 50980
68070 2150
30440 13310
21605 1420
260 69830
2345 77795
36330 23515
72840 12925
40570 18905
8660 58015
16165 17930
14135 16005
35545 48960
48775 260
56970 73410
60130 72250
3175 45150
62370 5855
27530 64330
26875 56645
50735 9615
15960 72940
52185 42570
20900 18825
4850 64795
5230 74165
38845 38975
2120 63295
42300 25235
37735 26705
5020 65680
49045 52870
39755 58575
7500 25155
66845 3590
71620 20740
63225 72765
7885 25110
57090 19085
36735 71200
21155 45425
52715 25555
61390 51795
23105 18055
22555 75445
68940 77320
18515 44630
53005 40855
64625 7505
53345 45560
73655 17970
30825 42910
6840 56165
620 52495
76200 78465
24590 52675
3360 72385
78035 5900
48445 75215
1040 48945
4010 5430
13555 60495
19715 50770
21340 17395
24660 34465
41520 18985
63215 45820
35100 76095
32440 68600
5605 8955
2515 72415
18270 22890
26580 60840
31060 46215
34200 51680
53335 52465
49015 67960
73110 1110
34160 23270
65260 7925
24670 48135
14465 3075
11755 36805
66495 21830
21190 58705
4710 11900
72030 16410
46635 75105
59010 62365
68395 16965
60245 5625
79085 56480
40060 61285
27175 52245
40560 58710
59455 78940
35105 64345
17410 34585
56060 71150
22760 60060
54340 25030
46590 59410
70575 6625
10075 1765
69210 78990
34570 75120
37555 69175
14080 54290
58845 32950
5480 8105
20855 23840
46355 72065
2065 41525
10695 56125
9645 29510
56585 16775
30475 21460
65765 28160
61845 42820
20995 50575
29635 65100
20190 38345
28515 12655
44715 18405
59830 11190
60770 63905
40940 42170
56865 44405
22210 55960
31440 12220
31875 79845
67360 33980
66680 36880
44485 11615
41515 73550
25740 34205
59525 29525
71030 48415
37345 75050
78310 47950
8855 42200
54415 53335
34500 20010
76815 72840
15620 51760
75260 55820
79660 42320
3290 57375
54375 18715
55735 62030
65580 615
9595 43070
38115 24000
21995 47505
67770 13280
13735 48930
42205 68640
11735 60450
28805 15105
41115 6875
58935 760
43545 35445
7300 75565
50995 13305
34895 54860
42175 76220
71940 6795
22155 35485
30765 3975
9000 13465
10375 79030
54245 62930
41705 41165
48635 66805
44420 38000
2245 75730
50490 20845
79405 37265
71570 75315
36275 43205
74135 77770
44625 64695
57715 20100
61550 72215
34840 69905
54830 31985
10295 29950
50050 1930
48935 64960
58620 42600
73015 62720
40040 4615
34880 3895
54385 9375
36435 57810
66785 74035
59820 67830
77625 29825
54470 23585
6635 21190
55425 6105
29430 40120
19305 37460
440 46815
42805 39100
31750 21040
43785 79565
56950 7000
52175 5070
11075 76535
55395 32940
4205 28350
10630 19965
27515 64015
26040 58940
32785 5800
38765 4080
1750 71370
70525 67375
59885 29735
20805 17455
1525 51225
24665 52785
30320 78645
58760 72465
27560 73465
58695 74645
19980 42200
45970 11100
2045 58600
11005 24490
33185 42180
32815 69320
1350 49665
58020 77425
5865 26525
33860 71390
32255 34570
68705 71505
30775 66180
11760 1110
17335 67230
6670 76530
1890 885
45505 170
72055 25765
70665 70280
23985 74190
44545 49475
11600 11795
48480 35795
78450 18840
16325 79535
73820 25340
24075 54250
61560 16380
17840 4725
72100 43805
3155 75255
56625 38465
79875 54320
9465 45780
71950 11200
5575 77750
11885 56810
29785 10765
65960 77730
24655 9810
32630 51610
68445 32035
20175 24895
43975 68850
77470 76605
55245 18210
78315 64005
32365 68390
48550 62990
57945 73150
38900 13955
70915 57525
50605 10295
76800 44745
29485 35245
68965 33960
78740 66175
58900 39335
10125 57310
35340 15675
22430 46775
49440 44315
35915 75210
66020 74615
17660 79005
38105 8375
78035 35925
75610 3975
44165 74445
105 44335
41885 67445
16170 75995
39960 15055
78980 65000
40995 61645
56565 23970
54470 72045
66390 63700
62080 30245
33430 43245
53345 58825
73075 52615
62220 15875
26080 17795
78560 45800
39085 55590
33965 50545
61770 21835
44240 51245
3815 41550
5545 29725
70960 6305
66715 57985
33195 20610
56970 31325
53275 5265
46630 40325
27765 3185
13640 53470
21320 13035
45460 69890
41955 28710
6710 2605
65925 76705
37985 7570
31440 69835
64280 14670
49120 2530
31750 59710
15765 33395
52180 13200
49515 41565
1575 3010
20240 12120
40675 33530
22675 18190
23065 72500
75035 40330
10980 23580
36275 39625
60965 65345
5455 38420
65570 44380
63490 57885
54980 18915
9645 8810
73275 10135
16305 50585
28970 10055
64555 64095
9720 4825
77965 55405
52465 13305
21610 68960
11740 73540
18515 69390
40565 72690
61240 58245
51565 33430
52565 76610
19335 55495
52090 69595
76045 33740
73800 49750
42780 63525
4590 23680
78845 23275
29330 44130
11755 3950
35030 79365
70075 3155
25670 78780
15720 27630
1095 20485
29295 61885
23275 51770
71585 78165
77960 52590
9020 25405
44070 31855
26650 54905
4085 13310
45735 20175
19090 43120
72210 48085
55280 36650
51550 15300
62495 23650
61385 2710
39545 7700
52975 65200
17070 30855
66300 1800
66135 4570
27900 8300
6650 34080
38705 62015
14190 60110
37820 48595
28065 45860
11305 9980
36165 22850
57430 52610
38565 70350
22610 60855
34230 44245
41105 46265
68530 72535
19440 24670
22360 8715
53790 37620
36170 5205
16995 45700
4270 18710
62435 13720
54490 18455
62515 26015
27575 69165
18190 2585
70540 28740
76220 7355
61895 17400
17115 3600
55235 63340
35845 69485
41795 52145
8720 52970
38870 33480
45610 65260
76405 76690
66320 74490
5715 57055
12575 11930
34380 11965
56765 20425
18195 46175
6935 63460
37730 23985
31945 71490
49735 38575
78975 2325
35215 48620
47465 8800
66305 76200
35215 78860
27775 3835
71325 79050
47595 79650
50825 74805
5480 25530
38130 60100
43150 76635
27895 12285
75465 76760
47845 44555
30240 18960
79455 44270
58905 9280
39020 58920
71415 26480
55025 10095
26985 24050
29450 63335
25355 68825
20300 43485
78770 6045
58745 75410
34280 24935
14225 79565
8185 3190
5340 34135
7345 17020
31490 10
23060 11360
7825 17930
54230 79155
10980 38155
10440 25505
52810 68735
12760 70050
71490 8850
4705 24245
63180 38110
78170 75850
56245 38770
51465 3030
49605 6415
9580 2975
37485 57420
41720 68365
55245 41590
76045 69260
9640 67250
53175 66990
18660 20940
72420 47015
65245 52255
65795 21385
37095 18435
38520 7470
34310 40365
10 57080
3740 26230
6970 22175
37030 54140
62410 20945
60775 78525
33320 38715
15585 54845
16270 31205
78720 38080
11510 56885
79170 64300
67110 71730
135 78170
1545 26070
36835 7845
51770 19980
41805 65345
42425 45740
65600 79560
59755 6465
43255 36200
9790 14710
995 76125
57610 74495
54245 56515
76540 68430
7225 14400
30970 73755
4560 21935
62470 56840
4905 2785
70120 56100
18340 68335
25650 32690
27980 43175
27310 58275
12230 9515
23220 50260
28105 44960
67005 22395
40120 1590
16645 58070
23135 12940
78430 56370
28485 8950
70685 71730
42935 22520
64445 56750
78805 52970
42110 36940
66005 59935
55455 33930
73745 22560
66820 11700
73915 37485
71890 3860
71165 15200
65140 16960
23045 55930
21400 4135
18065 1905
78165 73995
27515 20855
17130 33320
19880 64375
33495 27865
24565 55080
34015 5135
50300 69215
23940 7100
30485 17705
26895 47130
7575 75115
47975 46815
23630 69495
11150 26525
62085 38995
56700 7565
10490 1590
74650 41575
16480 19325
39380 60135
23880 18175
28865 26460
36535 57810
70645 54235
39925 73790
4600 72875
15340 16290
6525 1190
33425 55295
40270 56700
33145 68600
12740 69540
25910 78170
51795 30820
37750 11695
62315 54445
3740 13500
41530 50720
41350 835
20840 52850
79485 35050
56435 30950
73755 14615
75415 73140
72600 68155
23550 5780
38100 5720
70640 36890
9320 53495
22830 59275
63335 71170
55 46865
39820 23150
66560 10710
13395 12865
33735 32970
69225 60090
64030 67505
43380 49850
73180 11520
28450 63355
24250 55600
37660 51130
22365 43345
31555 27235
53200 75915
29850 46390
30070 10975
3755 17495
43570 58855
65610 8230
20090 14335
52195 17695
42215 715
76135 46645
28700 62630
61995 26910
36910 33005
29695 33580
71140 75640
41365 50850
42460 50960
11150 54820
32740 26435
55215 59035
39425 26225
64765 1450
42175 12370
9300 57530
74010 10020
3200 46420
28700 78705
60110 36675
66755 43360
27815 7185
33720 71980
66965 34075
22115 18220
62515 56865
58580 65610
48285 67375
65035 53735
47455 26395
60530 20295
53185 25065
65085 2595
31190 39065
50690 30395
4295 38815
7580 36165
33405 68770
55495 68915
31885 35075
75590 11835
8355 54420
15380 50585
54035 73990
68885 11775
10685 44000
23380 7755
57620 15185
19985 33495
27595 19910
34165 34615
17210 10265
69790 4105
21685 11135
26390 65605
56540 4505
40160 59260
56300 27310
75090 77235
53595 53660
32855 64930
31780 3205
6565 48930
76965 5140
10120 15030
22380 50600
32040 10590
52560 42715
24010 48225
12830 5945
61575 34365
58100 13235
73785 59730
35010 46035
74590 6615
52630 18220
3510 70285
73930 34360
12625 72405
30840 36990
3750 9055
16610 32250
72075 29595
43380 16225
20850 1250
73375 50445
6075 20450
39985 69900
11925 55845
48165 26540
43960 3975
56585 60700
34555 76235
31375 58720
9460 63760
49260 14215
53085 22980
64265 2805
7030 52835
21060 58270
9745 37250
43030 26935
69355 45835
49920 66925
73575 36760
1975 47955
45150 43890
65680 38935
7145 26890
13105 27185
72575 61045
16925 39880
59925 53455
59885 28485
57635 11600
55690 36125
51190 10050
29935 75595
59595 4830
64755 79370
44320 48750
35690 5875
30415 22265
10260 79860
32475 64190
20860 33050
56180 105
6290 7740
9980 43115
70195 33425
18065 40740
25805 79585
69060 25865
3985 31760
58645 55375
16485 59215
38435 69675
10125 19990
23735 41630
25565 32840
57125 48210
43150 79965
30610 6685
59165 20810
44005 29170
31275 15425
9455 11445
15910 55390
30245 44410
38750 62300
69915 73950
3380 46095
31700 46495
49420 68275
16150 64165
55030 73130
41065 76840
12775 33880
67545 46685
6380 39800
35915 5345
27595 64690
68870 5740
44295 8360
77535 52815
41680 37085
17570 54530
48095 79125
15060 31300
72460 13980
34235 73815
66985 46380
1395 76845
14570 28145
55145 44350
32150 72825
50095 30820
40605 4705
24465 11075
26305 47335
27165 31500
71180 73490
12940 57715
76165 19285
56980 35225
61605 27105
7925 17360
24320 4265
5925 71655
73165 32035
27615 30890
61940 38310
56060 24025
60865 61805
9420 73970
79445 7335
72455 72365
18475 32420
13115 37475
51835 47260
50845 50400
4875 64835
59795 13710
22325 53125
13730 34935
42695 36660
6700 71600
30 43115
5060 53690
16445 57080
38960 68480
72705 40165
4820 40810
78655 22580
35615 55820
71085 34060
34070 10760
26720 49490
11985 40055
79155 74295
4630 25875
44485 3375
17790 73435
38910 36385
72790 69810
63390 68180
22345 38050
9260 38590
39250 52650
18360 59565
50190 49115
19550 70945
45650 75440
8430 16925
6490 52885
60245 21605
54715 62915
32465 54790
29890 37705
46250 73320
44235 12375
52140 77930
29310 43395
68010 52890
10505 71120
1540 26685
57670 35890
37620 3435
1045 76555
54830 74225
65135 25565
13405 4385
76470 70785
38580 22135
50015 18665
28335 33500
34280 22240
15145 36060
72445 46845
40850 19450
38335 63385
54035 64110
79165 62445
46050 35690
76255 13595
26785 3490
11675 62790
26595 31545
25795 70645
55185 20735
12895 24260
44440 1560
17555 5515
7840 4990
10770 36940
26040 76760
31030 78415
50430 9080
13470 57675
57605 10175
50175 2475
40570 6345
32990 6615
21310 2435
51675 79860
77610 28870
51935 1140
42495 30060
42960 75630
38505 13345
22675 8585
56825 52955
21175 62515
54505 61800
3890 40780
35340 40705
3040 65945
46725 56420
19450 23500
12420 10525
47760 30620
16825 44780
42445 19410
19750 66850
64655 68640
29575 32095
49755 515
12300 38330
40180 17500
48755 64060
9135 64245
51915 59730
47070 78385
64545 53685
49840 22955
21450 15430
79765 32695
20470 49885
6415 69940
76710 9280
28930 42415
50540 20145
895 29435
25600 57625
73820 13150
20075 37175
43940 38300
73260 47660
68240 35310
6715 7925
615 43220
67955 45435
50990 11760
53915 7875
70000 74790
29405 27165
54765 64050
19605 21540
41820 17775
32195 36610
35435 63915
18675 67690
54200 64755
6970 42570
30050 42815
9590 50455
24595 10405
69990 5730
22245 70980
14445 51335
36900 8025
49525 26475
72005 60085
19540 47120
25135 16830
21635 72740
73775 47370
32030 61060
11880 7305
44640 50690
74745 25135
5655 46655
22110 26425
60910 45110
7340 22670
63920 67335
24250 2140
57550 2815
780 78065
16265 68655
5060 24295
33170 71385
18545 47930
64480 42375
31875 65160
8585 9810
71005 79285
41895 49985
35875 69535
44555 17915
44085 23625
73300 35280
2830 38785
8990 56375
20930 9840
14195 51725
73245 74400
41750 1255
5230 32510
64680 17245
67150 17795
37170 24995
35325 33385
49815 10055
67660 71825
77665 67140
48300 20535
24625 18390
6215 37675
55980 3880
70085 45745
9770 79810
26560 10875
11330 20905
23345 23765
53845 64425
5600 60555
26320 72015
43025 69370
23290 1865
26680 3360
73335 22280
24195 24005
20545 50325
49720 16150
20040 44495
74080 37975
16385 74800
32535 65925
63345 77420
1355 11140
15530 44060
59125 69575
27805 16280
1815 57860
26745 60700
17750 17315
39055 45965
510 68795
32640 67635
10175 76490
27470 19620
46615 27415
26810 25200
68475 37690
61750 5615
35320 16245
26660 68730
60890 53860
60230 11165
24890 48460
39140 63740
4715 35560
66590 18490
66245 11810
40475 21460
48500 55200
13445 21920
21545 74795
36135 37525
1260 170
22325 76415
28925 6105
54025 11060
22205 40790
73165 50145
51600 1300
41635 71400
30340 60385
37625 10570
7770 28440
16595 37340
6190 47180
77935 77365
30995 39090
41785 6615
44175 44730
74745 27210
45355 54030
75345 1235
23230 41440
6020 33855
10030 19855
8255 25005
38440 19785
35440 50020
28100 6360
925 76340
29000 29470
4695 57100
33830 73895
1990 32570
70170 37265
24610 30810
53080 74245
25625 57910
66435 52725
78740 15630
67765 66870
71390 65320
75750 62415
36080 2840
12045 40425
39885 37410
48040 60035
75070 21795
34785 23710
3150 28585
52340 26155
55080 20660
29325 11260
50705 31515
31790 74910
66885 51835
3440 34045
57755 23805
74540 11540
45625 20190
48885 16895
43180 59765
44780 35735
32795 30275
25885 8750
48015 69020
26720 28325
58440 35150
71090 36180
45380 50750
60260 69540
3300 54220
10145 27895
35425 11225
45045 73780
21320 70770
6115 69920
40560 60220
45870 66775
60335 52700
24615 32420
50300 51520
28975 19440
57075 24655
950 25170
6285 30600
77045 23305
1835 56610
17980 28475
24710 43275
53395 33890
20500 5705
59830 27455
76605 18000
13550 16265
52210 49635
1920 72815
45240 15615
32485 58790
3315 41810
2965 19715
62825 14635
71830 25520
48705 42215
49195 465
49880 60500
79760 10740
49580 25380
56550 59935
22640 50885
16500 45945
935 10235
3075 49215
32120 32950
29615 35070
62810 66380
65035 980
9525 20010
59255 55305
50685 72760
33335 2685
11520 61975
52980 71285
37730 61410
54220 46045
19495 61695
23955 43460
74600 4655
195 76395
6200 28720
24480 61245
23915 61900
51455 8705
5760 24455
72630 8250
67440 11950
74950 35835
76490 3200
34065 27680
35945 63360
65445 71215
23180 25535
61055 2175
5600 53735
50705 77210
44495 4230
76250 2600
8730 13885
7295 24740
5145 6115
23725 43810
7510 16820
13695 15485
56650 28820
38785 725
68380 6465
71090 5490
57805 11750
5920 79095
44845 10685
71670 8505
52160 19810
68905 22020
18870 620
65795 8260
67375 6195
49090 10875
38630 62415
5875 34915
64105 46545
37785 32575
66265 65590
39990 1280
16345 70030
11575 58770
15415 54550
32505 57160
31945 61055
48970 29335
18310 11445
4750 53545
32680 5490
18025 66035
32490 31935
31845 21985
25000 74375
220 48800
33625 62720
5020 78175
6060 5645
71310 32265
40300 30300
8900 12715
36475 31245
5770 500
3490 29575
57950 51710
30740 5720
60300 48260
22040 36935
12625 2730
79455 17860
39245 14310
55380 76180
20430 35795
29330 63540
54455 53010
22205 76750
67525 19680
71630 68925
74665 52485
60420 60700
67085 50810
36785 13455
50870 42120
37370 76075
42390 79865
47850 59845
35545 63480
25870 37115
14815 34970
4540 18095
9190 77715
78230 2150
26900 31390
19170 16160
40150 28495
29095 49010
38935 75760
77315 75320
59680 30270
38690 76440
12825 1705
39105 47405
12745 41520
41470 48490
25430 25140
61915 70520
2195 41085
25565 5645
67780 69145
50640 6390
13635 31980
12090 8145
13925 36810
75450 69140
14285 36465
29215 71075
72025 60070
27735 68510
44120 64545
64125 41565
20590 47525
3160 18250
70205 51790
67225 26755
78330 69270
60185 55860
24020 52750
70755 44000
61970 35670
54365 40415
31105 42910
1165 49705
30795 45120
63960 60165
71730 20275
59905 41725
40085 8105
8010 70275
71260 18545
19535 33215
54355 73575
74935 14135
3465 22750
6795 25440
29645 69525
23525 13095
24980 49930
22550 53980
18865 29965
18965 61545
77850 35905
61340 11575
14615 54275
64480 47435
225 71065
76405 3795
36190 7980
47720 58440
20050 22765
40020 72400
17045 11525
9650 8045
36130 13380
64185 63990
20470 78800
44855 73285
40200 44560
64015 20095
46105 57540
22585 30355
34325 66945
2855 48995
63220 8160
36510 70210
32015 8635
56950 41390
23060 9305
35260 3035
41215 78615
36395 11335
70080 25500
76560 49410
10800 63510
51595 43625
51510 31745
7435 69635
27795 64400
73160 33040
14665 1930
3950 5425
5185 75060
24700 39345
26635 63420
19655 75605
62540 79560
61305 5705
2755 69880
50885 61345
58695 68340
15125 63075
29800 23940
62665 20770
11305 1335
38440 32950
36615 42635
57660 30475
78550 41175
42435 17125
21090 44105
50305 57835
75930 65655
20155 25250
20715 17685
24820 31715
77685 50715
60615 11190
28860 72890
15470 32380
4835 76730
52480 18870
67235 8115
73950 17215
35035 47050
72950 29450
50850 33905
26740 49205
51025 56935
63355 20190
3460 34935
3880 42335
54975 72945
7235 57715
16780 46305
48125 53695
66055 35915
25260 72325
43280 15220
68075 25135
18955 78125
8390 77825
14600 19975
15025 38115
73980 70950
10390 69250
60280 55350
30580 66025
265 16530
26355 14800
14070 29005
56100 17445
73130 35905
69095 38175
36430 17270
49725 20660
42060 78795
56560 17075
57655 51730
22645 25010
16755 76405
71950 48995
17630 1675
16960 22775
8275 29340
24855 10110
16855 9785
56415 39665
16775 56465
31770 21540
74690 32655
33890 55375
45410 62535
5415 66950
21310 4590
57375 11620
6040 11210
49375 8375
48425 34835
10965 23405
74195 17820
73815 40170
43495 73480
76565 12540
24420 44030
15350 5785
31935 59395
62675 50060
65840 62875
51210 57055
54725 47935
53620 7780
7285 19725
18125 78075
6255 77475
57670 39225
44125 62865
26860 33760
79590 13350
9350 74570
18305 15935
45335 64855
77915 62540
48700 63845
67035 63270
27220 39490
63330 73935
50030 47820
4665 1055
21435 24640
49875 55865
44745 21685
43675 78590
7120 26540
77175 52910
53510 79020
49235 38575
27170 72745
79395 37140
42490 33725
13420 56070
59035 61800
33285 48755
29955 38550
57745 35015
29835 34320
53110 28650
44185 77010
8345 35170
26785 2180
73940 44235
75485 73245
45705 66965
40885 38630
10710 79575
39290 25340
36435 70805
66355 36510
63115 59370
53920 47670
23740 30275
36070 35505
14575 76300
26950 11035
38555 33910
30025 18990
31945 64780
20190 72615
57730 27165
25005 8765
66510 610
6590 71190
14250 38725
79385 66950
29330 45710
75160 71315
23985 19020
37095 38235
18125 52845
12750 74180
78070 63395
33250 73025
57355 11180
65180 2860
435 18530
28615 41050
41305 15355
275 4455
48130 4890
72825 130
36025 69815
20990 28490
48245 39715
11865 50390
37340 66735
44810 43655
53245 15585
71270 42110
43290 46945
17830 53010
36210 2660
290 8605
23425 53990
34265 28110
46640 75000
56865 79755
185 79935
20065 51635
46070 58940
32550 72360
10775 44575
25565 36925
25835 69315
28280 2585
66750 16325
32110 68125
66640 28800
17710 60915
14380 35230
42935 61335
3455 52540
2290 65835
36540 23435
21630 28855
23715 36010
8480 62330
41870 37880
67990 25060
16795 34465
73235 78945
19840 8000
25205 6350
27150 22270
28895 21835
39250 46250
2810 34385
4710 50080
37450 44645
65535 59380
23575 655
24565 37880
57705 62380
19915 65200
17045 58315
21315 3615
45485 49995
1655 16860
51650 70110
12460 1075
34825 63175
77665 72415
18500 21415
7610 33875
74270 78725
46440 57170
79805 4435
10045 7220
38940 34795
52995 62915
7295 54635
27380 57330
73440 52425
37350 5950
49195 42110
50640 74360
47600 23825
41915 910
51250 5375
29750 26110
17485 76010
7285 62395
21455 24055
27360 71500
59960 7800
55660 47960
70265 18870
75125 72175
16325 13650
24135 2885
34105 6760
66425 28500
70225 8795
70955 65795
21745 25380
8260 13235
27945 6130
9495 46115
24000 36270
75580 31675
28180 8550
26950 61455
64405 9380
74515 42820
30995 440
55030 53790
16620 57630
28085 54110
35700 24435
69040 49295
27860 34055
64950 6030
19995 67065
6500 2330
18625 69345
62360 29860
73690 7305
28985 68860
10910 35940
77205 69900
31265 9010
50415 28295
8590 54665
3870 48235
76670 12620
64755 72990
28040 63735
21150 71420
32745 4165
8300 12735
27295 18750
42305 77490
74565 59990
2975 5555
15010 9730
72560 68525
56280 33915
26325 23565
18730 45140
64355 35475
14355 13700
43575 65225
69650 42825
70260 3350
55245 14770
43420 35540
14765 1235
61555 32205
24975 64630
52830 31425
7300 29275
20600 68685
39340 1520
37220 1915
42320 56840
13875 64795
59635 67785
57345 505
11135 57705
20780 46300
27455 13690
47015 18135
49485 58285
55495 65150
67660 26390
59860 16880
24450 57485
66495 59085
74715 49350
27915 60225
9185 13115
69090 36990
23155 21645
67120 33285
22040 22895
54045 20795
59880 20410
1790 69555
27580 18130
24365 14880
5065 8765
38430 32195
16475 20525
39320 78440
15810 60055
35895 51735
32465 7400
29105 34565
11665 7280
57480 2400
57285 15950
24190 50930
52165 79555
54070 11310
36030 48265
35290 57665
55370 42670
13780 26130
43175 44265
4675 6725
36980 8955
39525 56210
17330 49275
74460 38650
25165 22505
15775 15270
24770 73485
63580 28105
41345 42930
4260 35215
69025 41285
70900 36870
26385 43090
70855 78810
66440 3070
20445 77225
35615 67040
49545 7105
17810 17650
59525 60900
55895 34415
1740 28890
18365 46700
49990 22910
57575 34185
45075 13105
520 43375
32960 30870
43635 53175
29525 5275
28300 36865
30675 30790
58725 35000
55430 51140
16710 2305
48950 52105
23245 41465
57685 33730
3920 74725
72170 39485
34615 46505
12585 60420
16430 78190
58895 39780
77505 44175
48890 13935
72930 37790
13800 79905
9060 24870
9400 57715
30830 20975
67310 12225
75225 44395
70400 16855
42885 29665
310 79305
72440 32655
70100 16840
31190 12250
71155 47895
56435 47260
69705 62040
33715 41035
68485 22770
3035 38415
76635 69270
42905 61130
3790 47500
61135 65885
72805 30685
24235 35710
6485 42170
72605 51265
53210 38970
46165 76625
74885 20330
6385 70020
57280 62430
11970 34040
78385 29755
26555 49565
75425 29410
61640 12615
39365 73905
78755 71580
51530 49325
22550 69020
61940 47170
23910 77955
79145 28880
63480 15690
2260 68545
47305 3395
32940 48380
5450 2185
75440 53425
32040 55005
41360 46540
6830 40820
56740 22140
28505 28175
15145 68230
59600 14555
66080 31775
400 715
73800 59700
54440 64240
36365 22915
41600 17755
15465 13745
74735 71795
47415 21190
3125 52945
20330 77740
18075 78165
45770 44310
65105 52700
29320 55825
15900 25685
4890 56705
52985 34085
55085 23685
59175 64045
18085 48445
6450 48070
78610 42970
48510 54735
40020 43780
105 58130
54405 18610
20605 59310
75295 51005
72135 1835
7625 72490
3265 18790
6155 52450
1955 16185
7225 11150
63065 9925
28535 43260
41265 49415
42760 6865
29500 17455
40150 9335
60435 29595
55015 10685
28300 16660
390 59285
29765 55
38130 69205
43105 4780
50230 12370
14205 50030
14595 56320
15780 65965
65225 44135
72725 29275
56240 66230
57445 8795
59960 79500
62080 3560
77165 36555
10700 37525
36575 10335
21450 66580
60980 14640
77995 68630
38150 79935
64875 12075
70925 47125
5195 9435
68335 49905
16385 20840
31305 10060
71480 17750
11530 58955
21080 67375
70585 13000
26280 77645
76050 46255
36340 14410
79895 68865
1930 67520
45620 59370
65525 59075
18785 13395
59060 37180
71305 47860
75385 5185
8060 73000
6365 26775
6250 73530
55880 75870
15815 27140
34320 54005
69940 22390
14305 74180
72220 58835
34620 27515
10240 30360
51240 53280
12825 12215
14195 72305
45965 45665
45075 7550
71805 4065
48440 9165
67485 26535
67100 31010
67165 41280
36645 54425
3970 47690
52600 66410
75455 7825
15080 65300
34270 62445
61600 11610
79610 46580
43320 47230
18695 18195
60530 49365
70440 13560
16855 3075
32250 11870
69110 62070
41560 13370
55725 38345
66065 71185
8715 60075
20650 77225
37885 20195
4895 42135
39910 37120
25275 20610
71720 66525
7680 74800
7910 62635
34505 19910
25050 51245
74035 44960
65005 24670
17060 67995
43570 30155
12920 44340
69060 31810
7650 23005
375 44540
11755 12365
74880 7095
70360 29380
69635 75735
21970 52700
45325 73065
52715 50100
15850 58435
75305 8965
59410 59970
76805 24735
43855 59655
51905 36580
15740 30570
49155 23250
61355 77470
26390 62115
10745 48815
54900 53290
53015 34985
79140 20455
2480 30535
39080 30235
12220 28190
24085 18085
41315 78760
12065 78985
40575 42225
79270 61240
58200 17335
44645 36035
7665 40785
47510 68125
76220 64725
43470 11715
72720 14895
12285 15205
55990 7760
57520 38530
39985 57730
65750 35175
10525 78765
52375 77870
79590 13925
11200 36835
12395 76785
76720 55940
8930 60755
3695 32170
29015 66465
40535 50400
39965 28670
50660 78480
8995 71940
59995 17720
22325 60005
73945 60010
16840 8205
50285 67660
59985 43620
42855 2220
6695 78715
53935 4840
54460 32390
58105 14905
48645 45655
3505 18685
9115 75160
76455 70005
51590 1555
54145 15295
37460 27115
30355 14100
10290 36215
47430 38625
34695 16715
42860 66355
12505 7900
5795 65080
18315 17015
35670 41240
26875 78675
6180 4470
54940 71320
56355 57975
17110 44790
78130 50015
68195 40010
40580 52375
5905 3580
5755 44045
68680 53445
29575 16685
37430 23615
26805 57590
4830 23500
11460 16275
69050 22655
46110 76020
14335 71120
40780 3005
20585 4540
28110 18130
38375 39325
16285 26840
61885 68810
66650 45645
23500 5070
64570 26220
3620 30355
26925 80
65775 65915
38205 62090
10810 64900
50320 78925
46775 11560
73080 33420
27715 1825
32485 11655
55800 64660
71285 57740
59460 22950
15115 52150
4045 76490
74600 59845
31035 34000
30735 64255
26290 71930
14910 55975
64865 22285
65605 55270
42510 55515
12665 69055
53515 68445
45095 10435
78840 28295
5615 25395
4000 17665
42255 76015
42585 28040
28455 18890
62435 54145
3395 12375
2310 55985
76315 11070
73495 69260
8495 34155
79900 58340
76550 50380
6650 57310
17885 37410
69170 40940
6850 69070
25210 12055
9935 49210
26495 79105
59205 7480
58280 35980
77565 64075
76195 6920
24545 38215
26385 3515
30020 28650
47575 58260
33310 57890
23700 66760
26805 38170
40045 55455
34695 20680
6235 21250
45085 67680
44355 14730
45625 79355
27165 69035
37270 44190
10800 6600
10475 76305
31435 58475
9705 31695
59890 28580
18355 1560
62015 26215
76585 40915
25085 24380
37845 44650
18665 39515
17295 19700
4040 59885
73935 10605
61570 66360
27835 66515
43800 58275
10915 59495
7465 10855
33740 75430
61685 2000
54550 37890
16155 37365
64350 76870
48010 76785
49030 19290
18835 22765
50195 25165
10400 10060
16520 75660
64270 14495
70060 8970
59765 74485
36975 55465
6730 45945
13590 53550
60060 65810
4565 73750
54810 34405
490 61560
11350 61040
29225 3900
59630 9100
10515 50130
31270 21840
55165 31380
4640 79515
19570 11635
43090 3350
12705 12700
52190 9735
45695 26355
51815 37930
77305 69510
1705 13680
53655 39670
52930 60295
69055 9845
27730 75915
73670 42480
49365 26490
45350 35355
74340 24535
42145 54590
21985 21955
61030 5805
41435 79975
55600 28005
69290 75875
79165 7700
74190 71135
48475 54495
23640 77085
17220 34155
970 48320
20630 21865
34675 58730
8190 35285
49760 38695
38045 40550
57780 73165
29040 65720
16390 40495
15595 19890
67920 2945
30540 32510
64200 62775
12515 34445
60960 69625
45975 50950
49840 9415
79860 48640
65940 58895
76320 1590
36955 76840
69215 13910
33465 31860
52130 29235
63190 70045
22060 61695
25080 22800
49430 33055
63495 77230
3265 56965
52210 65575
54995 19425
78655 79510
77330 35775
3965 2995
54590 75960
19245 50590
18890 69095
6730 60790
22305 33485
30075 5450
45970 22815
60600 39645
25640 35520
69285 66610
31610 65695
9265 2105
14225 42535
2140 25250
67830 565
55225 47655
64000 12410
79765 35590
24115 30230
13505 10620
2330 36915
430 70870
70990 24280
67335 9585
57925 11475
34590 24565
3215 18450
5605 4440
68765 65830
1425 79255
2160 67735
66420 47025
32240 2455
27380 44455
74405 11100
59890 5960
14100 49695
77950 19815
45760 475
15440 37645
76265 7115
48040 59225
24200 49340
37190 33555
74645 42825
40025 1725
64690 78710
18915 48290
33635 42695
38395 46465
8735 18465
32405 135
41655 56710
39640 50
43885 7870
67585 21095
68740 16185
66720 64885
31325 46110
60965 67155
69130 63810
57440 71610
46620 62545
33775 13020
14565 31185
19035 78375
72065 18780
60580 28105
22485 21975
45205 42675
41435 78495
27890 37665
63135 635
835 44050
51690 72525
69670 6425
19205 52530
68525 65125
52885 75690
41830 78035
79055 14005
40510 53350
3590 72220
42640 41650
69220 77000
35245 75660
69955 71765
36110 9900
24485 6415
62630 73315
37340 10940
60940 67035
69285 28490
27740 25260
72990 14535
11335 67525
47295 28255
45105 44315
35765 63970
78515 70695
56495 23005
67555 72360
14560 77910
19220 44575
46985 17780
66505 70700
59885 16285
59325 28370
17885 58735
68595 33940
26565 8825
15915 2875
56325 44090
79660 31725
52130 74360
15790 27130
43010 39870
43120 19340
31155 32295
72080 41230
46450 66630
76660 34135
48750 31810
11210 19130
30825 27845
65695 8630
70280 34725
22880 32900
58075 18490
33275 15525
43865 33420
78885 9600
66125 10260
11225 19250
45465 37940
41030 27810
71130 51075
47770 34620
30740 34385
54585 26560
20755 39905
5195 10065
33465 62365
8650 77600
34425 37150
70770 18710
8725 37560
70570 73295
44065 4250
13060 35850
13350 765
200 9450
21400 19005
23030 13655
74800 28445
30495 51385
70110 35810
58940 5520
19230 57040
4985 32435
14335 63585
53810 48410
79190 31495
11390 27515
13735 69790
78700 68190
57415 8270
46545 70400
70685 2760
51750 16395
71640 18505
39345 9310
65840 19350
23060 21450
19565 4850
72790 73175
59450 63935
60595 31015
37050 41670
24575 1510
42835 75915
42600 18520
78660 17615
43680 22710
38805 75970
21115 72460
2310 41960
60690 26785
32970 70575
17000 19845
67190 48125
330 33155
4635 60925
55920 56020
21520 48470
42085 42895
39335 28640
24735 62540
35855 67180
42330 55775
51945 37625
66830 3875
60275 75430
9805 74470
42220 25805
61745 38090
13335 52305
59875 26725
21570 56760
30770 24360
17320 11320
77555 71005
39070 14280
70920 3835
76935 70295
37360 42455
17340 36945
69120 17615
73045 41250
67350 32850
68620 54205
17655 4365
2095 20985
7585 13805
27285 40720
56365 840
3680 10850
2655 17515
49705 33560
12960 17765
36040 16350
51790 73110
64945 49280
74540 18985
10255 5570
71230 78380
3850 39125
73175 69810
71220 36735
52910 62450
62160 40415
59560 75320
35310 62265
64375 24940
160 76440
61820 63155
6760 24195
74870 71880
6635 53015
65330 72470
135 19120
64655 50945
36410 66265
78230 1760
13595 78645
40590 12920
39315 19870
6260 41075
31970 12190
27960 60395
5205 19280
19130 12610
68800 77570
12505 16070
37805 24945
22180 38585
66860 59555
46880 29320
69535 24030
67165 69135
59445 10550
33735 48920
33355 64285
43375 30470
46560 29215
72745 62020
52240 36390
39285 46160
79390 11180
51845 19475
56010 11785
35905 54495
43725 56400
26085 63380
75300 38785
41230 39110
56750 30350
68750 40710
14375 63485
75615 74245
72145 75975
63510 71855
61410 47140
30095 1155
28120 7315
6045 57355
37965 69145
45490 18610
77405 49545
16355 10440
77755 71230
45380 2600
63135 3985
15860 24630
47755 395
30030 68780
56685 31125
32880 71160
60050 55245
41555 3380
50385 62500
2195 17535
77485 67255
28220 30185
11310 37230
19400 67035
6075 38930
60320 1835
8550 55095
50670 59660
67825 61015
6370 75640
32695 79260
18505 28345
17755 79410
4710 17325
68055 40630
4130 76475
5530 67425
39875 32235
4395 36350
51645 55325
24955 53720
5735 27770
57410 12260
43710 22905
18960 33815
72390 52115
76695 31640
62995 73530
16480 6745
1030 20020
79520 62895
68280 44780
34285 31135
12685 58560
15035 5140
35150 7955
55260 74640
69150 545
11790 76295
65200 66275
43780 74185
35890 10345
8925 31180
36620 16750
55595 56435
55510 32340
33190 25465
72340 76125
64060 6935
63385 29450
24655 66655
74870 23585
64300 69765
68600 76810
29780 62670
60645 46750
44705 22295
3950 25175
7755 44225
79210 2525
12105 77425
51610 23985
78510 36470
60830 27675
42280 37990
48360 22685
14250 57780
35530 74965
33215 73520
18350 47790
71695 53880
8180 25820
4480 1795
42630 49180
7075 30215
26840 19270
52370 63665
58305 20135
55475 72320
62550 64510
22415 2915
26960 59250
47445 52835
37345 19770
41585 48415
18745 43990
31735 65205
18045 40005
26510 23905
47035 20900
52635 59340
44685 11280
44400 31090
29780 51355
53290 48800
21120 44595
30760 64955
49365 35765
73790 14350
28720 65115
55680 73685
14240 22755
63710 79355
70885 37295
9920 27240
315 30370
35770 9690
17935 68535
24400 41455
5280 65695
63880 77850
78340 67540
28875 68375
39745 49225
52785 27165
48815 67500
17175 15950
63505 4080
64405 67970
2290 26815
46200 7095
10300 58320
4115 28260
51470 45330
29155 13485
54310 31555
36560 17410
59310 14175
45580 48940
44450 72980
68505 4330
8765 47815
16570 40840
76335 25760
55730 63060
21595 8465
23545 39210
31510 60160
76590 57220
515 28680
25735 33145
32215 18240
57035 56765
35970 11620
30305 17950
70140 29720
59755 36805
42640 62410
61735 45235
55255 15475
2675 66265
48865 38420
11045 72685
2775 9820
41800 3050
74225 53455
40330 77820
32640 24025
60070 69615
16960 5700
49055 5530
58010 42825
64095 58530
45780 20985
21915 24310
10110 21465
72425 67785
78530 73350
21190 32190
57425 66900
52060 37525
74700 36055
63715 71215
11130 5255
57025 49695
26540 58625
28665 20700
7240 23365
30540 1690
21005 13110
63080 59990
49645 78915
76150 61695
37990 41595
67320 33125
55350 5635
55165 57380
42440 52075
49215 63935
78075 41040
26580 75550
1370 9295
50150 35180
67660 48805
30920 16070
8080 78385
37395 46540
2545 24060
46920 5450
77055 55000
72190 13555
41365 40355
44710 11600
55 59730
29540 35775
870 66575
76285 79475
7490 59575
49440 79230
69015 15490
4255 12895
27215 13640
50255 44755
48540 21285
5295 42220
1135 41730
21085 63605
61430 35520
3755 71775
51915 30260
32655 32155
14080 44405
62975 43755
18600 13000
59175 13235
28160 15235
48750 15075
35375 49840
26820 64255
6040 56330
66760 69015
48330 35050
69740 43610
48180 65225
155 54655
10125 70245
27690 54960
63745 20585
45325 9580
34095 49200
75880 76780
34130 71970
52405 36055
13635 60285
47775 18450
68135 22925
65505 62590
50165 71390
62090 4310
42925 37405
56690 67350
76775 73865
1605 62060
9260 6575
72510 13800
1355 4930
4595 74655
59310 30230
23435 51020
23425 3845
8260 78820
26940 49050
53815 10630
75425 8335
45165 10015
45250 71815
3420 38160
15460 3745
68310 32070
22245 54130
19475 79650
71080 73990
51295 77790
26480 10560
12885 65055
28010 30610
50840 58435
23595 35110
13605 42155
7570 31260
25025 57775
65520 43875
72845 56835
11980 12995
46210 43070
34210 18390
53875 26585
33500 24710
18940 79900
4715 24600
69275 4865
60350 45190
49280 22095
59025 46385
36755 75130
27570 30210
57535 8900
73900 23000
78855 71925
78760 66435
66105 57040
35800 9905
11435 15860
2210 6210
35120 10410
61920 56185
49820 50920
3045 79025
42870 45485
63835 57890
62925 47740
78470 76330
70355 67310
24070 64870
46005 50865
59355 62310
70085 5655
37510 36620
32590 8990
57425 67535
19090 74425
72290 9785
58985 33085
78295 71000
4035 8475
68315 21880
65805 6730
30610 15465
13890 72935
43840 49595
27715 65460
43640 5280
28565 15050
63470 29085
77065 57670
15295 25770
30165 53485
32080 7840
39960 20420
39290 8395
24055 78890
46630 7340
72905 43070
41575 42690
24395 67975
74955 78745
22615 42385
18630 63610
8005 32395
48480 64920
20075 39885
15625 40280
22465 44380
60270 60770
46590 69415
40895 51000
4965 10450
30930 22900
14000 56990
20485 32150
42530 28675
43810 37540
32800 67600
25695 12965
62290 76975
53055 29715
31580 74710
14560 4055
52220 49535
57425 15170
57620 64545
79215 60675
15225 5655
40405 71750
22650 17630
79645 71195
77735 57695
47845 12585
54440 27455
56785 47215
74965 75605
29205 33210
59365 9435
77080 28870
61480 48765
68890 55825
49045 1220
40210 54415
38005 44585
3750 30475
30260 40660
71720 58145
10575 54670
75045 38245
65645 70060
61780 79515
13810 23710
69875 56920
8505 45805
68260 64695
65185 72885
53900 59150
52695 29340
63180 76560
39960 62160
8120 2805
15010 18410
67705 50705
26670 52730
78925 15170
38115 50595
22280 65375
63615 11170
62070 67020
77950 74420
26405 11300
4490 7920
66415 24525
64930 39540
5480 67595
9970 42300
43150 9845
59990 43070
7970 10410
35755 33500
8585 15220
17885 53160
10375 72585
30570 75915
27605 74870
48565 33215
43410 43500
60630 10145
74765 4715
2145 78095
42370 44100
9230 42025
32205 62375
10995 36995
24895 75895
64995 15705
64555 35510
45010 16130
7925 17690
46480 25630
41005 9620
10535 47405
77520 78035
36040 50440
51635 19055
26565 55180
67965 5480
13545 73205
8360 68540
1640 44665
1040 79355
51825 53520
8245 70595
2190 4975
77070 49265
50085 31855
52685 60820
40560 31020
72380 69310
34450 17570
69035 77570
57215 20870
60100 42645
42685 61965
33755 25500
6520 10350
39695 69785
31835 36985
12580 55930
66700 62240
41210 73605
78815 6845
77665 52205
9385 74035
10405 60925
38810 64970
36430 11640
34585 24490
47980 9990
76820 22470
59320 13610
61315 14275
76755 58210
12340 80
76225 75555
73525 46495
70280 6355
20600 21465
27820 38485
49395 75685
1660 58380
24075 29480
40370 9255
11825 8685
42455 6890
79205 64930
75125 52795
30105 19615
49895 40450
20745 67165
65760 4165
6955 74090
13165 31565
68260 10080
51435 39315
70410 47630
59035 195
72565 15360
23710 58865
67110 52425
10690 31460
67700 43990
47955 70815
29675 25035
74580 22620
71355 49530
14065 44050
13920 55110
5525 47900
75045 27550
31055 28655
69205 35275
4835 75385
28035 76615
76275 23080
58515 78575
19995 52655
46125 49190
28315 4415
41875 42005
390 5155
60380 16415
47485 29880
68030 50780
23655 74435
44165 13230
41335 10150
54555 7355
78210 62715
57110 60655
38025 12880
52800 77485
63575 73230
27470 39220
34340 29455
36740 20515
74580 21635
42230 70145
25650 51280
47510 39560
60740 66485
70355 29185
73420 44095
14765 23900
11165 75805
42530 860
55420 745
16965 52645
56335 44295
38465 15915
50475 27305
65660 3115
35235 15140
73015 12865
43945 14510
76710 14350
42010 62340
17350 41390
22615 61080
22780 39330
1755 11315
40455 79385
60235 22165
51515 52900
7820 63765
72380 54845
15620 10645
36825 45150
7260 67310
69205 10215
73900 43430
62990 57555
25125 17865
70120 46235
15235 30905
24795 24540
78475 50920
56170 16460
62495 38405
6120 55960
69990 74870
42590 75115
35895 63505
58735 78475
32105 58925
2360 33515
17205 38960
32970 62995
68375 35825
71270 38155
42310 20580
65575 36265
40285 44125
77970 34065
13525 40400
19745 51665
56070 64030
19840 12210
25875 64635
48980 21635
71265 46255
51610 51100
55470 53105
53100 24890
54285 22065
6535 40770
21425 13995
54850 29345
2580 61685
2275 12395
58170 61600
36825 52880
22385 61625
15735 77610
17325 65410
1330 31530
26680 63360
33920 26890
39690 72005
32360 7215
29405 58455
75140 24570
28400 8400
14560 48135
79830 17965
79050 74970
13895 64890
72625 26305
74595 38675
10825 44935
6170 61475
21160 53650
1135 71665
43525 825
6970 48590
3570 9425
21815 46050
47020 19065
7490 29975
26025 60140
51900 77130
9440 79995
52420 45285
75930 57060
69640 17220
48655 5900
10095 28545
79275 41600
52360 19830
42865 52045
58220 8110
2770 4000
36155 20205
53620 44375
27345 70495
75410 30330
62730 3805
41350 65875
30520 60300
46370 23165
54160 13730
30970 31755
59140 41310
54770 49290
53610 76040
79735 49325
5460 24320
46000 76000
61930 14435
19745 30240
53635 60385
18905 51915
63490 14055
50635 78545
6245 13910
7790 53820
64915 10770
58550 58735
33625 16070
42820 44280
58165 32790
19590 22355
67685 10880
67365 85
56095 3540
29625 65545
34380 12650
9195 48205
30050 25995
53585 69300
2570 41375
45645 37310
7815 11875
48145 12665
36535 45510
31990 46760
30390 18515
77165 6045
17860 42455
53230 18430
30800 57320
39810 10870
56070 40815
65135 36225
31840 72680
16345 34825
33485 26935
60695 74450
29745 37005
20435 48285
67565 19085
45785 1020
70425 50535
15755 26030
6015 39675
49235 66585
42630 33885
4450 4780
27650 40280
60160 57650
36835 25635
7710 11230
12255 17405
63880 31820
12545 36620
42155 23370
550 46735
79850 12705
64410 45815
15015 36155
8180 20095
31280 5000
15690 49320
58550 18400
34980 20475
4930 23145
4480 62010
3630 38900
71740 36575
70080 36545
445 8505
12615 47405
69835 11315
50610 17015
77295 40535
28795 48590
46765 56220
56155 44540
28355 21440
25955 56160
50635 2250
61275 24320
54830 55720
51575 68655
52680 615
17885 57380
7985 27865
74235 5935
10595 66705
18350 69330
18855 27860
68770 57480
24085 74280
4385 31410
18760 74810
7580 26720
64525 21385
29755 16685
55760 63685
37685 23635
78990 59040
64445 48600
68025 3690
57760 46010
14615 75685
58450 515
26790 26445
36630 11490
69075 57190
53345 46260
44365 7210
24165 36390
21710 55820
27550 675
59500 29205
77935 76845
11840 45195
9510 21625
30840 33760
10165 33155
16545 48375
54480 34170
42345 61860
78875 72725
67595 56030
75560 30445
64655 77460
47975 14140
45690 19240
79240 10270
46850 4610
41930 44010
77760 55480
45055 68225
71720 56645
61300 27985
44305 4910
74160 40065
36175 49070
66055 55820
58535 64375
39105 74245
71520 18890
63615 35915
9615 3695
62870 38835
76590 905
62565 20395
54135 19735
25645 11575
21845 53500
41890 64670
62365 6405
19505 78105
230 7815
22915 7135
45775 12515
59570 57900
44965 45480
27045 18540
7100 54760
24200 26265
21740 70850
13185 39380
17110 42335
69850 72520
53075 75645
55860 78210
70630 10080
45260 7835
39570 32485
68555 11400
4595 43410
19520 52180
24235 27385
33805 9700
1465 50985
74115 17600
60485 36075
23515 43045
30245 49760
52925 55700
64015 52075
39560 49970
11905 24835
5830 59360
65595 79835
8740 27500
68530 69665
19645 16535
56285 39780
52490 30290
53895 1915
15395 43080
34840 16940
38595 45805
5750 48050
65520 23735
23860 74395
28280 31420
63135 39275
58750 1550
52090 58640
105 26650
73475 4345
690 41075
63735 52510
79580 60590
60320 60380
7565 19935
28340 35545
48715 8815
59580 35695
69420 37690
18285 78350
30660 53735
46680 18340
27385 45700
13880 65075
26705 59310
25165 25480
62255 20585
6540 37730
39525 17015
44085 62875
20420 39885
14735 23960
9805 74695
52415 69725
68550 75995
53645 52725
62375 17990
31740 66770
38290 79020
17360 32085
46800 58080
54630 70850
65390 36885
8465 49395
38455 17275
53390 31340
70215 56660
18645 58585
79065 69475
68675 61445
38675 76195
2390 36815
53840 7810
39250 42760
25910 37215
79795 76620
19885 41985
10535 25715
1540 63265
3755 18055
64805 65910
48140 72715
77275 72195
17545 16140
52385 74555
60630 35725
36600 36790
570 77570
63935 1575
58585 14545
29525 32945
44820 75860
60420 79595
64385 50985
15655 54240
39210 20640
21035 67155
59745 79460
44455 25040
21755 12610
10700 18755
59335 48335
5050 24870
390 10290
41885 13615
13485 47085
74140 33505
76995 7755
75600 43905
4940 12175
43540 70670
73885 1330
23935 44535
71110 18000
18310 55005
21085 27150
76450 53030
59385 16585
68060 73205
63905 13780
31800 77925
48415 19745
4505 33970
60065 49655
26290 35345
56115 77740
3755 10350
78585 71910
5860 70315
27135 22975
42125 54620
40710 37565
3550 59845
14360 43900
17950 18275
17115 57655
71375 3375
62190 61200
45950 69350
77170 58895
62940 28790
52230 49670
32415 61605
21075 45055
26225 21355
78690 8950
20915 73115
29065 46610
51225 65570
27540 23280
67275 36550
52795 22070
18125 57590
3320 69400
11725 52890
23545 59735
77180 20700
16000 77545
12000 28670
41775 75140
43630 26075
17745 12255
59730 19270
69150 67090
2810 23120
55920 47260
4180 11360
65620 35520
64650 66375
54895 33330
27080 25325
31350 21275
54920 45970
63430 66640
2190 10835
37175 27260
69745 59760
58200 18685
15910 79865
65930 55805
22280 25245
22140 7725
60490 8175
38850 62165
7785 24780
13200 67220
43295 38290
39135 18780
28380 68690
52320 59735
23695 48370
13450 24980
21205 52585
70325 27100
770 68860
6840 71620
66815 66930
29915 28445
51635 64955
23500 61880
10180 68140
9910 53730
67295 53460
63940 79485
5450 12505
26495 11990
19620 7905
63025 63530
57185 51735
61965 45315
42360 40910
39210 13190
76010 2335
48310 69000
44300 52070
26265 54195
1615 62365
44315 7625
11105 56985
4385 59610
65695 60680
27580 54870
78400 35550
70835 44575
1440 70660
43525 55540
40110 51920
29185 4040
61730 62945
19400 53605
49015 54545
74625 78835
23995 71735
63980 43755
75595 43185
10735 54750
53865 78360
76555 42115
66410 31900
62005 36275
61120 70210
63515 9650
67415 76090
34730 34675
10485 1990
43305 42385
62965 47010
63605 9680
48080 62050
47580 20020
73580 2820
41265 57935
33105 6560
62260 41600
62770 40725
35550 12265
29185 28630
460 14110
56145 69120
7545 65140
46475 61435
53685 38545
61250 72475
64305 38320
71105 19335
50225 72250
23205 19880
11570 78965
26965 22380
13900 32730
29330 21005
29670 32820
5165 64070
49240 6465
220 47290
22695 3855
52335 43890
35130 54745
28185 31460
72030 75385
47500 47015
77970 16735
40885 60580
45650 13040
64390 29970
2425 67225
9090 33765
43520 21775
74625 18145
20330 27910
79190 19885
50770 28045
2810 1195
29270 18790
17165 16555
30985 22550
7075 2300
77380 3090
23385 30055
60840 34555
76875 54090
63700 24285
59825 15145
72775 18010
32910 26220
54615 25035
28600 60000
10575 12440
43580 72965
59450 39880
22680 8050
19675 2120
35765 35270
9905 61090
57925 8815
16440 1240
44090 63785
32550 27065
70650 50570
70595 6885
62570 29265
71985 69455
12785 56205
66135 17620
43235 35
20750 77130
79140 41285
27340 4275
72570 57820
19695 62295
79840 19165
19090 15295
60795 62200
16885 44495
40650 52695
55830 31145
50100 19570
71275 43555
62570 63360
8830 6475
74205 10845
73245 71020
12015 60385
32240 11660
48920 22920
1030 58555
12135 33270
29605 51780
74145 66485
42500 69150
10680 20440
39845 33885
28640 51540
6450 13020
72370 17080
53725 21950
54615 9190
29145 38165
13495 61725
46975 31395
61465 2180
12750 5550
37620 47595
58655 19345
47670 13780
17395 31575
15510 5840
27130 2835
75065 63160
4880 44815
25200 50995
32640 54260
75065 905
57680 73295
59615 14870
78885 24695
73740 42085
33775 36000
79395 13705
62720 25870
59045 5080
13925 45560
75525 56110
71760 77120
73785 69000
34115 65420
36970 7235
24875 55120
39625 16635
26995 19350
25640 75650
35320 61055
59910 28785
28560 25790
12750 44260
73050 74685
29280 71325
24735 68815
68025 30865
10465 36345
37425 15430
8980 34500
74500 50040
79655 76735
49440 66020
67805 73385
33265 62760
57145 57055
41970 39080
68435 47915
67760 75350
66900 21630
27735 73665
26390 40715
23380 73060
9760 20665
13170 76260
13775 34875
5165 65080
40235 42865
44595 4620
75125 18420
9245 29825
35010 52805
35320 64980
56850 46910
10840 29655
8910 76800
7345 42275
24575 58005
51660 38115
66055 15650
13740 73350
39860 38315
7710 34550
75930 66325
67495 36345
74860 29215
72000 32870
65570 6825
59435 47365
77215 52215
16630 62500
75390 73550
73055 9225
27175 53695
53500 73220
15455 19270
8465 26580
64110 49700
53310 3490
1145 23010
52345 8505
28165 48055
79475 50990
56025 43910
31390 30080
60830 43900
50705 17705
30110 21530
65820 16595
34520 62910
23900 15930
44525 7505
42000 79945
17370 72310
7900 76985
59115 25135
1485 25225
26310 9375
10340 37380
8975 14415
5225 5000
56230 35760
38205 43320
11975 35495
59440 57270
14450 39640
59560 50840
35300 20595
9980 10055
26310 67890
67850 7680
30245 56830
11820 52220
26855 78560
41055 76345
35620 49305
48110 25280
30445 22060
35075 78010
39540 33310
72565 56110
10635 52385
79610 34215
65260 37300
38835 60570
30945 67365
79670 58200
66600 33695
1220 21735
68840 37735
58035 55295
79745 64710
8705 60350
73870 55655
7710 60355
50400 51115
65245 74615
37330 77725
62600 29480
44920 58575
41690 34375
4460 55375
61230 57840
66605 24915
24295 48885
9285 19885
25325 46680
48015 32510
62450 77725
13655 21940
46800 2675
10165 19500
11240 640
24945 55890
49730 55555
12500 32750
50505 61935
74300 78650
41500 71540
67175 76335
76140 1840
34460 40925
33015 54725
33285 57535
55 31220
70200 2920
28510 39155
38240 59680
43720 61365
12965 67545
55745 72645
51380 79705
54635 77815
51860 41535
69700 27090
76520 10105
31765 67875
13530 24535
73280 105
33625 33660
9790 9580
16310 64700
58845 33940
30140 9350
55100 55355
8860 44890
25485 13070
5335 74815
5350 24355
21020 18420
5865 25745
75815 61185
64160 65585
4130 51770
1830 18355
43605 7240
19820 45210
68155 2100
17315 5880
36930 22065
15380 34025
38920 19210
42565 63295
78055 21835
4865 33435
22915 33470
33420 57645
19235 41165
19240 58775
3135 42745
68045 10590
2090 56885
36370 2010
41380 22140
48495 13280
78630 4365
78250 57800
61365 40790
13455 20070
32280 48995
75580 34885
54895 44435
64455 41205
37420 7695
54540 26045
3445 35565
29070 77445
5340 32220
24945 14625
53485 42105
57485 48035
29255 35865
31155 40340
61490 32280
5280 64840
74590 70610
56180 13795
18790 25505
865 55420
1145 64060
43560 43020
27230 59660
47110 74005
7705 34605
28690 63470
27725 33720
34080 5545
64040 67800
62725 77485
52265 44150
74825 42940
23250 50940
12030 76625
63585 7950
33995 58410
52595 63090
51545 58455
33255 43415
76285 41180
8750 76320
61435 23315
25905 22635
79235 5790
33950 51810
60980 71600
61260 35230
61795 60050
10625 68565
16585 56565
40910 68065
3060 55845
1250 31750
17455 16865
29860 64550
45820 21395
70940 57800
5950 4120
4800 65640
49485 39145
71400 70800
29020 67160
43200 64140
60760 13520
14275 10220
155 54370
71515 14195
78450 73665
67110 8695
79415 54910
770 18095
20000 54300
15090 24340
53440 35345
61555 13140
8375 78410
29345 28655
14620 65370
12445 43640
16545 16795
36195 79075
27135 72875
73535 34190
18930 53660
60745 39485
39865 41550
10010 42735
40000 47375
25965 3125
31020 68700
54035 51765
21645 14680
28360 61260
57965 48150
24745 41955
27125 3555
5 58065
32135 67925
70220 22230
7875 11030
59530 37300
14175 12675
16485 67685
39470 47210
19920 42500
60525 34805
30855 49560
46855 55515
26020 54380
26050 26290
20285 47905
12895 1505
77825 77230
51015 33500
29535 49865
32160 69470
63110 1175
64125 35720
41110 13820
34500 56575
42655 720
19585 25070
9865 51855
10675 40695
12855 32815
45170 1190
37630 42855
46830 5875
71290 56900
70230 10900
20275 38930
32690 6785
42225 72990
21820 69660
48295 25510
60435 17305
60755 7945
43910 41840
72810 69360
59285 25195
61540 19410
20285 77715
17250 32405
53555 16180
12585 44675
71840 79780
23580 26315
43010 18885
76235 16125
56195 20295
66330 19805
10135 1345
56285 69025
1220 56515
33845 43805
44010 2275
46925 9740
52250 66020
48340 46700
45325 6440
40450 24750
5920 54255
13490 76620
79675 52760
45615 66990
36400 36380
30915 45960
67260 66730
65735 6970
56940 59610
64710 37155
27020 5980
31480 53285
15500 9260
75805 54455
46140 45640
50305 66930
59020 65225
28730 1385
7885 760
12830 5045
28935 1165
60480 73970
70560 36785
40905 3890
35165 40175
69110 47095
49240 56775
53130 57050
5910 43860
49070 19920
58135 54450
56305 30230
21970 34695
14830 24685
36990 51030
3210 58960
31725 6350
66515 66035
42065 4110
64470 12480
36265 58000
7930 43375
24655 2660
13395 39560
71750 77525
15085 15320
52730 4450
3185 53645
27030 78300
59995 40980
59720 36390
20480 3110
70795 54315
44920 77805
43890 43910
34745 73175
73140 77580
66315 73385
48670 75560
60110 69195
69610 64770
56250 72955
64045 51665
39295 51365
10630 12940
40980 43620
47080 52235
55890 22265
77295 25175
69165 1490
45810 33565
19245 53960
25790 70950
11575 49690
71695 68240
35910 42200
65785 48955
58880 50645
40275 60280
69985 21220
36165 54660
22645 53010
62800 37220
9725 17685
5180 70005
67635 48835
53405 66680
15480 34295
32335 14480
16045 56265
20815 11495
53220 5480
64950 71275
56695 5285
20530 14785
75150 6745
69370 29000
66935 22835
2590 70615
26940 43815
6815 69875
18700 23165
79500 65540
45035 37345
77175 25290
62230 62715
45220 30030
14165 20375
2110 36135
73885 36985
54065 39060
54570 71805
2060 37285
60460 79610
28955 67275
21240 47635
59585 8525
34240 26135
3325 60380
39280 14540
14515 16330
58750 34490
31900 60725
10405 61695
43335 25520
29360 29240
54090 9910
19200 710
8690 43995
20810 47555
54920 63535
7135 59040
12880 37960
70905 5860
18465 39410
69360 14195
16105 46545
74540 72665
3240 15060
51160 32955
26450 60055
7520 66715
13865 37660
23270 47805
8675 62065
7125 47305
35615 68035
58505 14860
66345 55210
39175 26885
33330 5565
67535 11835
8955 77035
35670 75925
52280 52370
72610 76130
31190 42850
4590 45365
50040 24480
4095 72650
53110 47175
38380 50225
51670 34760
66515 66220
4605 3380
69315 35075
67855 32240
41815 78990
79095 25060
70560 31165
15515 12415
57155 38920
52590 58495
37710 3690
16480 61060
585 19315
3595 40825
17725 60750
36260 79755
29285 69935
56535 62970
52380 75755
37885 62015
49590 8740
71080 42540
30940 13585
76740 29760
58530 42600
12450 50335
79635 75190
66240 68310
35560 29825
68680 160
19730 36165
14315 4270
15000 27775
29985 44780
74435 65325
54445 49535
3515 11180
3065 29865
77850 1365
8875 46255
28285 48145
52205 26755
76195 48135
48555 40010
28285 33560
12870 47740
68000 60235
29140 26420
25575 63980
74410 59655
42685 19950
67065 48310
79410 47540
17235 24710
24960 11785
4285 42595
63075 49205
67995 62140
9030 25790
72310 68340
60895 59055
7405 66785
19695 6305
56550 72275
57515 32285
26575 32600
41160 55010
28090 47465
31555 17755
11430 1085
53260 21140
45635 26960
16655 16230
66555 29985
63090 68930
61395 21800
8675 5300
18155 51365
49515 9970
79820 53815
71235 9280
30740 52385
72905 79170
3100 58075
68370 10295
31765 55400
21525 33775
76280 63500
50150 8545
56415 68855
20655 70460
33560 27815
27610 72100
54415 59950
12840 62885
50710 60315
65065 53290
63220 59385
6170 64125
46355 28110
79210 30035
77735 35720
18610 36945
49025 70145
68460 63315
32285 29020
73900 31560
61610 22960
59435 53945
48670 11595
29000 68495
56605 56110
64455 37590
24485 9105
66595 16545
58205 32895
45790 41020
31070 9365
55785 28860
37930 78475
16170 75170
37110 36485
12250 40970
75900 33765
56210 6510
79885 79250
7745 46900
50895 13120
57570 34205
77660 41710
54225 47865
19765 40070
45810 26900
23360 44955
78955 4755
23855 44765
135 4755
79165 49655
33280 54720
35565 36610
35645 64340
66285 66135
59120 12400
23665 10550
79365 46060
38255 23665
20570 77330
69370 4210
64855 56730
50415 26750
61755 60475
28890 44890
26200 58005
62830 57805
52425 12310
32015 7110
4975 71810
32835 3505
45830 42160
20735 16395
59580 235
42095 48060
67075 62675
10540 9740
38085 45395
71205 60780
76705 61375
45440 30480
21290 36910
15915 53990
855 66420
17335 19075
34920 78570
19555 42975
59070 65150
7585 6555
73130 79655
18545 51705
71305 6390
47515 30065
49780 67230
12005 40300
23145 17730
27965 67665
1965 52575
58730 70075
50205 17175
13580 40465
35535 63625
5485 9775
25930 71080
49915 34230
61310 14130
65585 75935
63395 12685
59255 76500
66510 60815
17605 12200
57130 31200
39225 42725
29375 730
7665 57765
38970 47980
41935 23860
51580 19065
70635 52955
37005 8025
19040 30695
19490 62485
28800 50635
66920 30385
77255 15325
21280 34365
17345 32165
10335 23720
12800 61945
56435 60220
51365 23105
12695 11505
72940 10715
79225 11105
42605 38330
21295 74755
16205 40050
48410 22155
68875 42365
12265 72870
1620 20160
24115 21070
55695 58655
68095 3380
21720 63300
17190 18375
7750 26095
48710 29470
25165 74170
57655 49505
35220 51590
16380 63155
34075 1160
10870 38490
74160 79660
11985 71720
8230 72595
59045 68080
26025 10760
9830 59245
49600 7605
61185 68475
62870 16855
12665 47885
68375 36360
15155 23435
56440 58370
54200 2155
50475 33660
18230 63310
19245 29755
31950 77430
27230 49590
1910 46740
68070 24150
75735 40385
24300 37575
75230 58530
6135 25010
49630 27085
49710 29415
2880 51375
3030 27715
22730 12625
18005 72360
39225 45170
32435 38870
63950 20060
16555 2265
50975 29230
4810 23890
68760 60425
49675 29890
48130 27400
66205 34025
39885 48235
50 250
76525 54560
28210 79845
39880 32775
13290 27490
41700 1330
17070 11380
35455 31740
31360 15810
21505 50220
10530 51280
4050 62400
7240 45230
33680 15450
19890 56785
49260 14305
3685 75535
1070 29215
55415 15715
74520 34060
33610 3320
44335 68960
13605 55145
2285 43475
43170 38965
32695 36745
58285 32420
30835 4540
48985 50535
62780 58240
74960 65005
34320 55410
60855 7310
59655 74980
68620 30815
60880 4215
16325 47945
31135 22880
60900 25360
44620 13125
79025 58405
15240 42010
32040 44880
42770 30105
13640 17215
66035 40340
27960 50065
2630 73735
26480 25770
45740 45965
75755 61680
53235 71180
45035 78170
1570 13395
64170 73515
19920 76530
72960 72690
6340 53090
15665 33600
21245 49250
66980 14455
2115 47510
25755 51780
38005 59100
48310 53165
67180 41730
38170 59450
11630 44560
64370 10235
63480 6675
6510 53505
65250 55015
9515 6155
33340 66980
60135 68795
61660 57595
52315 77195
67805 50080
1075 69425
34545 54890
5675 16980
4340 29695
52745 78035
21075 18105
18170 22910
29905 67105
25265 28975
33395 45540
79255 20805
73585 72690
1675 69380
31975 1220
41295 29875
62100 37100
57620 66910
24235 64640
63550 47630
25910 62130
63110 14105
76640 72115
34990 16085
34045 74460
1880 32170
930 19230
55685 56735
42665 14015
52890 64920
5645 56930
27655 29445
69155 62055
32930 10565
9965 77790
62515 15090
53110 11520
51855 37665
24115 20430
24995 5910
30995 79880
22880 4205
61615 68775
9835 2485
23380 7120
15190 16215
41705 14260
66945 46980
79100 68745
10325 31705
66905 67410
15220 74160
53020 49950
12265 49050
74890 51350
6065 14985
30845 47140
320 32940
45 37505
61375 53430
46600 30730
77145 34020
10265 66555
31860 58290
72370 56485
26975 8295
32785 29135
36075 6630
5125 10145
33610 29895
48700 78160
36800 33020
50750 20815
5130 36300
49770 42800
77645 44685
76610 14640
2575 20350
51050 32855
56105 36245
9685 68455
29910 31455
70920 15155
53515 57020
29375 2395
5505 6090
14990 46830
5415 26105
11305 29680
71000 44375
37835 69070
61145 28735
19080 30180
62170 25500
48665 60715
73785 2905
39615 56195
35965 17545
35070 70835
3410 23765
71190 20955
34625 62070
75590 58920
6595 47045
6615 30265
25270 73600
75345 25010
71530 17905
42450 42235
27190 49065
21785 33325
68570 24365
10135 35380
61130 38805
26570 43240
18500 22020
71365 1355
10790 44225
61690 13410
38220 40585
51620 32115
73475 60710
9810 18665
66075 12870
44760 59550
18985 54265
55035 46180
40805 40485
7470 19050
21720 12665
31970 73765
58100 65175
54565 2175
28155 61140
38955 72815
10700 63520
17150 24335
28415 47175
56570 10270
52010 47210
71080 61520
41260 41285
64840 71425
72345 71700
71060 70940
3440 48410
53990 37470
14475 55415
14835 23895
34475 27195
57385 15130
28895 29655
11500 68230
40230 61790
37030 66785
14730 78125
73305 36050
18800 17575
75530 54390
20035 27195
8990 75925
38250 24090
45760 3360
34300 14960
78410 24490
5660 23205
73500 13595
9380 19775
11885 18410
21920 48645
41740 29035
70370 15665
39175 49840
67950 63135
32010 61845
8625 58850
67075 11650
78875 19975
79590 20940
59180 32055
48560 7795
54795 78505
5510 2815
38060 4350
58930 27540
50960 68305
15340 51875
38480 31660
47675 13790
48980 26605
15345 16535
72985 58460
76355 5105
35735 79210
6725 51705
68040 13935
12635 50980
13370 12715
26655 57810
49830 48600
45445 15795
8890 18695
54800 75495
66200 76145
34970 41365
76025 16650
50045 38715
32080 7990
64575 5340
27975 11600
28435 78640
68985 49735
50930 28530
74180 40255
31920 71285
73190 20050
63750 66165
58630 33385
53320 44795
63880 58420
49330 76885
41730 23565
9305 19050
66255 60080
31455 2810
47865 22340
31830 18795
27210 76110
59120 7075
51490 26985
18660 20005
74405 32575
28355 63375
34665 55110
33200 17465
46425 27605
42050 70255
34590 54305
62060 69605
77205 73760
67460 28940
29215 21675
23630 15660
79350 49505
72810 32295
54100 14245
29815 68670
79515 69495
79930 61770
14805 61945
16845 49210
25770 11790
5335 24180
22315 24460
5325 8715
69355 54085
3020 38315
30955 37900
45080 67690
57945 46845
65280 64540
29940 57005
26610 17505
64000 33140
1695 50580
15680 18940
68475 23125
45950 70255
16245 38075
77925 38170
63505 15555
56060 12570
75345 28940
70375 35910
25340 76400
8315 48705
57060 78560
8850 73450
60260 79015
64195 35380
46100 68850
25695 39895
51605 75145
47135 35725
21620 58875
20800 75240
49455 33365
27165 48290
4280 73025
23860 40560
29030 43760
36200 30005
4965 26135
2525 61070
72060 9365
76870 9350
32190 12640
9795 55590
26895 2295
61885 17205
26205 34300
43905 17010
36305 46725
27380 54880
35100 33150
56485 37625
75090 64665
41625 54770
77370 3600
15280 27140
46725 27385
66915 14435
56150 49310
42145 68775
61505 12195
28840 15265
56530 25660
4365 45585
28180 13340
34280 16830
66790 34860
62055 29500
22670 74550
1560 14220
59515 9955
60065 14065
34040 69875
66350 36175
21055 6675
14100 9500
38340 69090
59215 6840
12270 18495
8190 17575
31930 74235
53815 71750
22630 39630
1665 28560
38920 66120
65225 72160
7345 5545
66660 19485
75690 39030
23420 46460
31350 54745
20925 77700
12180 33780
63650 35915
11045 74085
74035 9645
53290 61915
9760 1415
30605 77180
63465 16055
7930 10470
10805 39400
20015 31260
49310 28615
37595 11050
19135 59780
35110 67175
67270 2050
28420 62245
20615 64300
59420 29555
60855 33840
16165 12640
17080 28825
72775 57005
19535 60230
73555 75170
44105 30030
17315 46330
65955 38900
60625 21270
13225 75750
20735 69545
1785 78720
5200 24820
20780 61895
70250 9940
68620 62440
62195 23955
45465 45970
945 48285
46805 11605
52340 47110
25670 23840
70570 41520
51320 39340
43520 72630
68245 75615
69460 19335
7905 17845
32785 73650
64405 70585
34765 37160
70715 3245
36345 10225
73505 60150
25660 51580
77450 59355
51240 575
35115 45000
7135 67985
52030 55990
34705 37155
27925 15340
26495 18720
23785 56670
50615 78680
23765 4270
16365 8125
31270 71755
68250 49000
16100 3985
71760 67995
78060 60080
17095 28730
46090 47270
11385 64020
8435 6355
18600 13620
28790 72530
57305 49605
66055 72080
36990 36645
49020 36880
7935 51490
46925 46165
52995 16305
36925 7430
41870 13940
10250 14865
56095 51005
18250 55200
63890 10765
48520 25760
13710 50085
44470 62470
41505 45010
23830 40540
23505 38860
8540 53370
43950 26590
44830 52545
56505 29915
66595 30420
28970 47850
61445 46575
56460 26250
22270 55725
32135 75115
52195 46365
63645 68530
74200 5595
73820 57665
38415 38550
36620 47970
5310 11390
11950 15965
43245 24955
40280 57515
14560 12245
33240 64520
65400 64785
31415 40790
12390 2255
26315 30365
46780 69515
39905 29480
36680 36425
8645 60510
51105 78925
35475 28985
20935 42030
59660 44080
59820 23575
36795 58690
52125 74210
50365 33220
44065 11460
33480 7250
41070 13545
6130 60750
68475 11495
26330 14350
10820 11630
66895 51940
17535 73210
56470 17525
39985 21155
17610 61935
63260 600
75725 19650
37810 48685
9640 73520
52100 30640
19760 48885
21870 270
52685 14690
75510 36595
79255 37230
74060 50685
44190 14220
30375 19095
10540 38260
77365 77510
63135 3855
10515 8005
45915 40890
26860 72570
11980 33855
58020 50560
70835 74565
70630 69570
56445 28765
52420 44325
71640 20990
74945 32245
36505 77395
77740 36005
41955 63110
3040 12030
16785 3440
42705 27050
17525 60635
7860 76775
44570 30160
9735 55760
76075 63040
1960 33690
29005 41550
79475 18795
48395 31135
40865 26690
73800 15060
25995 46070
64655 63345
33050 52815
67070 28165
8825 19230
35060 67670
37760 3525
27540 55110
20555 9350
60930 31760
72135 24360
40725 24885
58470 11440
46895 7715
47045 42300
34995 36455
19650 40185
10795 46075
50750 62850
7840 65870
45540 76385
11125 27115
12265 61865
34300 68315
65340 75365
24430 42905
4995 22155
46430 75445
35560 42360
64030 65940
19315 54525
52100 7860
15825 44755
65435 44870
42915 66150
51520 8585
28950 24410
62155 62065
64365 335
56655 71015
5150 54680
79330 6085
53815 62375
15050 65095
13805 20535
78760 33000
2095 53515
12950 56710
28000 18135
29315 21595
43120 58435
69845 14795
42550 45250
70140 13065
15100 7005
16920 1845
3335 55805
77590 23645
60525 28675
2520 4545
59640 19775
62125 4525
66820 16215
23020 32840
14255 57955
36705 36380
63555 16230
33575 18170
19280 76125
62750 66330
30635 45525
32130 15560
41015 65765
37290 41455
24440 22940
41280 25505
3380 15420
3425 52180
25575 13040
35455 22795
45930 77465
6185 13145
18890 21415
31885 21985
65175 21155
44905 18070
43415 40345
17315 73625
33110 38470
76695 75310
38550 32790
56790 33520
18600 21945
30690 31210
14525 46880
79605 47210
61285 18205
12495 54235
4560 7220
19285 1810
54435 71970
45050 78260
65680 71350
65940 37850
29685 2835
48725 39195
13570 48130
30615 66855
57845 26510
41870 43390
62060 36765
23055 34315
55215 33130
36095 50675
31720 45395
11880 18935
25490 50940
34560 18810
11975 69860
11970 12300
2235 65025
60180 56315
24515 41645
60710 40595
71480 36150
14545 7240
30745 70340
32015 75260
14180 24705
17645 77140
16435 12755
7050 21610
53405 5370
48450 51570
22815 22790
11715 77880
47225 8100
16200 46925
39150 24815
48915 27915
57630 61020
76490 52125
74160 20565
9935 66395
21335 30245
35535 76025
53505 44975
27615 35995
51380 10170
12605 2085
47675 24180
38020 13210
6910 26475
33355 43925
15595 28825
4965 19120
24790 39080
74015 41605
23375 36020
49415 36500
14340 39585
44715 70050
23945 16595
65170 72215
38855 1765
17740 72435
39660 7160
31560 13635
51965 4055
49125 27835
77355 77870
63365 39415
56320 79940
32795 32975
21235 45845
20575 12500
33805 600
78325 47020
51190 70450
7735 8895
41115 66785
37495 29760
56635 48600
43345 47140
34420 69845
61080 26135
45490 1480
79265 71910
44650 745
71175 62540
32070 48015
39705 55235
22215 20555
38790 46710
66385 61335
47770 4505
77140 25060
935 6600
9180 75430
71005 18090
3690 6755
555 36670
71040 50585
33020 70
46100 17120
31990 11650
61625 39075
51895 65370
26645 19570
29160 43685
79800 13550
45850 12930
56625 25570
28050 480
38560 41720
60640 79330
28295 55955
64675 18090
50985 8940
33900 23580
66415 2805
15470 44560
7145 48185
2310 58040
76405 48610
70685 71760
23800 65715
10595 38965
20765 6085
34590 31285
30775 62580
14135 57085
54700 72350
11270 11590
55480 73335
19715 49065
19360 63525
76740 15790
79930 12960
60155 16525
63635 47900
21085 78505
25415 79055
8790 38375
47005 11510
57310 75455
75930 42900
58405 32175
51740 56640
44180 75045
62190 61665
78030 38465
48845 13450
5730 20275
79040 9760
39225 13265
34145 1580
40825 42715
12255 27985
11295 2480
9670 76595
63010 30225
51980 21920
59810 2810
5760 28765
78095 14775
30145 17535
745 40185
29370 61500
77155 1350
41890 55195
31130 27740
74025 59160
68220 29580
69315 65750
63230 77615
75045 35785
57575 9325
4550 63640
73000 75455
7630 27545
10145 72810
10495 57505
18960 27330
79720 8490
36040 23820
67400 2960
49265 63970
25020 34815
62555 25805
12855 17090
44695 47430
29810 51400
79670 49975
34520 47075
1915 34495
27885 50155
79645 63535
7980 58180
28025 48600
16445 15360
25870 79585
69585 79575
32225 49625
31595 7375
67380 40390
63365 13400
36165 18645
46975 57960
50415 63525
77995 38170
25010 9180
45495 32315
63685 70965
61530 14555
47590 54245
30020 73325
63645 11680
74390 51895
6725 28110
70215 77580
33325 28810
58030 58830
64755 71020
57680 38490
36475 40840
65315 55250
20575 54735
40910 78010
4315 64095
1755 28805
73230 40010
71240 58585
72850 72005
79455 78200
44850 16255
27485 72990
52265 75040
6090 68785
25160 10570
6900 22955
18260 10870
1335 46180
20150 69415
11480 34380
62570 33415
37545 2230
69450 31060
52260 74510
69675 23405
71915 24515
67055 37560
73830 58405
78820 60025
77105 40935
59215 58990
66880 50970
69915 53535
20320 29925
41125 43095
2090 3565
965 55625
29885 18795
37865 11115
10000 58055
37695 43605
5035 10915
7805 64970
43825 76550
31180 35855
12275 34420
10360 71360
48175 59580
27080 79745
63675 47345
78975 5715
12045 6265
14880 5705
13995 60045
19355 50125
54520 27210
42940 56295
78000 20080
22100 18470
1085 20385
19480 9485
22130 41025
10785 58480
43605 73610
20 41240
3750 31650
6275 70575
52070 47975
25240 56880
72890 8645
16985 71945
7835 13830
39875 20105
12015 56340
11465 66225
39695 24650
44895 63020
55295 28640
13530 68880
15755 62145
70680 32210
32920 8580
23980 59525
46270 65390
49825 74360
63560 6475
59090 21400
60625 31940
79040 35890
73700 635
14045 68420
57095 55255
19295 40310
53685 35265
60030 63430
71380 26185
35695 78035
49235 53210
65825 68860
70730 28825
24645 4790
60340 50975
67460 32295
66375 14930
43910 49780
49100 76160
66485 6820
49460 12455
60730 54310
79535 55720
48080 32380
72795 13490
9580 34090
31490 45145
12220 64430
61860 21655
27315 69735
47000 78990
14285 55505
36405 61425
76260 33240
58120 58060
3470 9820
37295 57675
21300 10325
2725 5155
71880 21960
68945 37425
72035 25640
52960 52785
51250 22885
15610 69295
30360 52670
3145 59200
69475 13020
17325 3435
7180 75720
12215 63010
44980 40400
33460 54665
19195 72585
20695 37430
61210 70995
57495 63580
79740 21505
78235 20495
19465 40930
54050 56220
15685 19415
15770 34150
61900 7785
46370 1325
78915 34160
25440 52965
47665 63105
1690 8250
45245 43920
34650 7460
40615 37565
57045 48985
77315 18685
50625 74055
20385 50385
17260 5740
71930 75405
63205 69285
49880 29610
33085 47195
61455 51880
12845 49750
55285 31465
71310 5095
79945 5890
36655 8190
49705 14345
33310 66925
62565 74405
27050 295
52895 55585
3670 8500
58835 205
78455 5980
11070 7545
18885 75355
8030 30775
67805 79680
54215 16985
51215 74020
11900 74955
13325 21100
8670 69520
68640 71785
61025 21210
9805 38015
3325 8245
34225 5700
16420 6610
11850 10575
38825 28310
57925 18135
57405 30690
56715 6925
69955 3875
3590 69215
43485 24900
66040 49545
4180 60645
17290 48440
3725 13780
2945 44385
55545 31395
44570 18210
13150 37585
34165 64180
68040 52160
3160 60700
49100 23375
36825 27405
47245 66315
65595 53090
50400 66940
19610 9255
73880 55690
15720 73285
12795 46180
74705 17600
58870 63185
62800 36260
8945 39005
14790 7610
95 32920
28465 42680
