INFO-PC
CPU op-mode(s):      32-bit, 64-bit
CPU(s):              4
On-line CPU(s) list: 0-3
CPU family:          6
Model name:          Intel(R) Core(TM) i5-2400 CPU @ 3.10GHz
CPU MHz:             1596.385
CPU max MHz:         3400,0000
CPU min MHz:         1600,0000
NUMA node0 CPU(s):   0-3
Thread(s) per core:  1
L1d cache:           32K
L1i cache:           32K
L2 cache:            256K
L3 cache:            6144K
              total        used        free      shared  buff/cache   available
Mem:          11835        1442        3894         389        6498        9689
Swap:           979           0         979
----------------------------------------------------------------
file,N_THREADS,CHUNK_SIZE,n_obj,max_weight,max_value,time
mexp10000-1000,0,0,1000,10000,226065,0.008527
mexp10000-1000,1,2730,1000,10000,226065,0.008489
mexp10000-1000,2,1365,1000,10000,226065,0.006984
mexp10000-1000,3,910,1000,10000,226065,0.006358
mexp10000-1000,4,682,1000,10000,226065,0.004903
mexp10000-1000,5,546,1000,10000,226065,0.015237
mexp10000-1000,6,455,1000,10000,226065,0.015708
mexp10000-1000,7,390,1000,10000,226065,0.016694
mexp10000-1000,8,341,1000,10000,226065,0.017711
mexp10000-2000,0,0,2000,10000,352495,0.014128
mexp10000-2000,1,2730,2000,10000,352495,0.018120
mexp10000-2000,2,1365,2000,10000,352495,0.019448
mexp10000-2000,3,910,2000,10000,352495,0.011187
mexp10000-2000,4,682,2000,10000,352495,0.009828
mexp10000-2000,5,546,2000,10000,352495,0.030202
mexp10000-2000,6,455,2000,10000,352495,0.031296
mexp10000-2000,7,390,2000,10000,352495,0.033130
mexp10000-2000,8,341,2000,10000,352495,0.035167
mexp10000-4000,0,0,4000,10000,511625,0.027595
mexp10000-4000,1,2730,4000,10000,511625,0.036001
mexp10000-4000,2,1365,4000,10000,511625,0.030399
mexp10000-4000,3,910,4000,10000,511625,0.022457
mexp10000-4000,4,682,4000,10000,511625,0.019420
mexp10000-4000,5,546,4000,10000,511625,0.060703
mexp10000-4000,6,455,4000,10000,511625,0.062616
mexp10000-4000,7,390,4000,10000,511625,0.064865
mexp10000-4000,8,341,4000,10000,511625,0.070403
mexp10000-8000,0,0,8000,10000,731100,0.055387
mexp10000-8000,1,2730,8000,10000,731100,0.067388
mexp10000-8000,2,1365,8000,10000,731100,0.055576
mexp10000-8000,3,910,8000,10000,731100,0.046659
mexp10000-8000,4,682,8000,10000,731100,0.039287
mexp10000-8000,5,546,8000,10000,731100,0.121879
mexp10000-8000,6,455,8000,10000,731100,0.125151
mexp10000-8000,7,390,8000,10000,731100,0.130428
mexp10000-8000,8,341,8000,10000,731100,0.140010
mexp10000-16000,0,0,16000,10000,1007580,0.111505
mexp10000-16000,1,2730,16000,10000,1007580,0.132613
mexp10000-16000,2,1365,16000,10000,1007580,0.109347
mexp10000-16000,3,910,16000,10000,1007580,0.090063
mexp10000-16000,4,682,16000,10000,1007580,0.077749
mexp10000-16000,5,546,16000,10000,1007580,0.244654
mexp10000-16000,6,455,16000,10000,1007580,0.250999
mexp10000-16000,7,390,16000,10000,1007580,0.259788
mexp10000-16000,8,341,16000,10000,1007580,0.285141
mexp10000-32000,0,0,32000,10000,1392480,0.226588
mexp10000-32000,1,2730,32000,10000,1392480,0.265925
mexp10000-32000,2,1365,32000,10000,1392480,0.223511
mexp10000-32000,3,910,32000,10000,1392480,0.179546
mexp10000-32000,4,682,32000,10000,1392480,0.155898
mexp10000-32000,5,546,32000,10000,1392480,0.489456
mexp10000-32000,6,455,32000,10000,1392480,0.503335
mexp10000-32000,7,390,32000,10000,1392480,0.520430
mexp10000-32000,8,341,32000,10000,1392480,0.564193
mexp10000-64000,0,0,64000,10000,1892965,0.453403
mexp10000-64000,1,2730,64000,10000,1892965,0.525559
mexp10000-64000,2,1365,64000,10000,1892965,0.434420
mexp10000-64000,3,910,64000,10000,1892965,0.352342
mexp10000-64000,4,682,64000,10000,1892965,0.307470
mexp10000-64000,5,546,64000,10000,1892965,0.977905
mexp10000-64000,6,455,64000,10000,1892965,1.003124
mexp10000-64000,7,390,64000,10000,1892965,1.049075
mexp10000-64000,8,341,64000,10000,1892965,1.117699
mexp10000-128000,0,0,128000,10000,2770810,0.903767
mexp10000-128000,1,2730,128000,10000,2770810,1.058089
mexp10000-128000,2,1365,128000,10000,2770810,0.880848
mexp10000-128000,3,910,128000,10000,2770810,0.702430
mexp10000-128000,4,682,128000,10000,2770810,0.612908
mexp10000-128000,5,546,128000,10000,2770810,1.956372
mexp10000-128000,6,455,128000,10000,2770810,2.008813
mexp10000-128000,7,390,128000,10000,2770810,2.075072
mexp10000-128000,8,341,128000,10000,2770810,2.251458
mexp20000-1000,0,0,1000,20000,521890,0.013581
mexp20000-1000,1,2730,1000,20000,521890,0.020793
mexp20000-1000,2,1365,1000,20000,521890,0.015748
mexp20000-1000,3,910,1000,20000,521890,0.010049
mexp20000-1000,4,682,1000,20000,521890,0.008219
mexp20000-1000,5,546,1000,20000,521890,0.018822
mexp20000-1000,6,455,1000,20000,521890,0.019377
mexp20000-1000,7,390,1000,20000,521890,0.020491
mexp20000-1000,8,341,1000,20000,521890,0.021381
mexp20000-2000,0,0,2000,20000,744650,0.027357
mexp20000-2000,1,2730,2000,20000,744650,0.039060
mexp20000-2000,2,1365,2000,20000,744650,0.031307
mexp20000-2000,3,910,2000,20000,744650,0.019371
mexp20000-2000,4,682,2000,20000,744650,0.016392
mexp20000-2000,5,546,2000,20000,744650,0.037825
mexp20000-2000,6,455,2000,20000,744650,0.038689
mexp20000-2000,7,390,2000,20000,744650,0.040479
mexp20000-2000,8,341,2000,20000,744650,0.042562
mexp20000-4000,0,0,4000,20000,1055575,0.054075
mexp20000-4000,1,2730,4000,20000,1055575,0.071790
mexp20000-4000,2,1365,4000,20000,1055575,0.049471
mexp20000-4000,3,910,4000,20000,1055575,0.038696
mexp20000-4000,4,682,4000,20000,1055575,0.032946
mexp20000-4000,5,546,4000,20000,1055575,0.075216
mexp20000-4000,6,455,4000,20000,1055575,0.077915
mexp20000-4000,7,390,4000,20000,1055575,0.080415
mexp20000-4000,8,341,4000,20000,1055575,0.085641
mexp20000-8000,0,0,8000,20000,1471615,0.111174
mexp20000-8000,1,2730,8000,20000,1471615,0.141945
mexp20000-8000,2,1365,8000,20000,1471615,0.101590
mexp20000-8000,3,910,8000,20000,1471615,0.077390
mexp20000-8000,4,682,8000,20000,1471615,0.065281
mexp20000-8000,5,546,8000,20000,1471615,0.151666
mexp20000-8000,6,455,8000,20000,1471615,0.156505
mexp20000-8000,7,390,8000,20000,1471615,0.160792
mexp20000-8000,8,341,8000,20000,1471615,0.171179
mexp20000-16000,0,0,16000,20000,2094540,0.213295
mexp20000-16000,1,2730,16000,20000,2094540,0.277126
mexp20000-16000,2,1365,16000,20000,2094540,0.199532
mexp20000-16000,3,910,16000,20000,2094540,0.156139
mexp20000-16000,4,682,16000,20000,2094540,0.131580
mexp20000-16000,5,546,16000,20000,2094540,0.303655
mexp20000-16000,6,455,16000,20000,2094540,0.311219
mexp20000-16000,7,390,16000,20000,2094540,0.323663
mexp20000-16000,8,341,16000,20000,2094540,0.342053
mexp20000-32000,0,0,32000,20000,2903440,0.428945
mexp20000-32000,1,2730,32000,20000,2903440,0.546731
mexp20000-32000,2,1365,32000,20000,2903440,0.395244
mexp20000-32000,3,910,32000,20000,2903440,0.311393
mexp20000-32000,4,682,32000,20000,2903440,0.261533
mexp20000-32000,5,546,32000,20000,2903440,0.608179
mexp20000-32000,6,455,32000,20000,2903440,0.621785
mexp20000-32000,7,390,32000,20000,2903440,0.644396
mexp20000-32000,8,341,32000,20000,2903440,0.682963
mexp20000-64000,0,0,64000,20000,4049760,0.852936
mexp20000-64000,1,2730,64000,20000,4049760,1.098871
mexp20000-64000,2,1365,64000,20000,4049760,0.785586
mexp20000-64000,3,910,64000,20000,4049760,0.615148
mexp20000-64000,4,682,64000,20000,4049760,0.522135
mexp20000-64000,5,546,64000,20000,4049760,1.214616
mexp20000-64000,6,455,64000,20000,4049760,1.247469
mexp20000-64000,7,390,64000,20000,4049760,1.288086
mexp20000-64000,8,341,64000,20000,4049760,1.367169
mexp20000-128000,0,0,128000,20000,5952255,1.696640
mexp20000-128000,1,2730,128000,20000,5952255,2.198080
mexp20000-128000,2,1365,128000,20000,5952255,1.562474
mexp20000-128000,3,910,128000,20000,5952255,1.238988
mexp20000-128000,4,682,128000,20000,5952255,1.049953
mexp20000-128000,5,546,128000,20000,5952255,2.436456
mexp20000-128000,6,455,128000,20000,5952255,2.487885
mexp20000-128000,7,390,128000,20000,5952255,2.584674
mexp20000-128000,8,341,128000,20000,5952255,2.764070
mexp40000-1000,0,0,1000,40000,1035405,0.029694
mexp40000-1000,1,2730,1000,40000,1035405,0.036449
mexp40000-1000,2,1365,1000,40000,1035405,0.027196
mexp40000-1000,3,910,1000,40000,1035405,0.017113
mexp40000-1000,4,682,1000,40000,1035405,0.014711
mexp40000-1000,5,546,1000,40000,1035405,0.025665
mexp40000-1000,6,455,1000,40000,1035405,0.026482
mexp40000-1000,7,390,1000,40000,1035405,0.027242
mexp40000-1000,8,341,1000,40000,1035405,0.028382
mexp40000-2000,0,0,2000,40000,1508025,0.060327
mexp40000-2000,1,2730,2000,40000,1508025,0.074607
mexp40000-2000,2,1365,2000,40000,1508025,0.047963
mexp40000-2000,3,910,2000,40000,1508025,0.034483
mexp40000-2000,4,682,2000,40000,1508025,0.029299
mexp40000-2000,5,546,2000,40000,1508025,0.051668
mexp40000-2000,6,455,2000,40000,1508025,0.052791
mexp40000-2000,7,390,2000,40000,1508025,0.053972
mexp40000-2000,8,341,2000,40000,1508025,0.056572
mexp40000-4000,0,0,4000,40000,2053540,0.120468
mexp40000-4000,1,2730,4000,40000,2053540,0.149417
mexp40000-4000,2,1365,4000,40000,2053540,0.088452
mexp40000-4000,3,910,4000,40000,2053540,0.068549
mexp40000-4000,4,682,4000,40000,2053540,0.058396
mexp40000-4000,5,546,4000,40000,2053540,0.103465
mexp40000-4000,6,455,4000,40000,2053540,0.105518
mexp40000-4000,7,390,4000,40000,2053540,0.108203
mexp40000-4000,8,341,4000,40000,2053540,0.113948
mexp40000-8000,0,0,8000,40000,2814765,0.238815
mexp40000-8000,1,2730,8000,40000,2814765,0.288767
mexp40000-8000,2,1365,8000,40000,2814765,0.179545
mexp40000-8000,3,910,8000,40000,2814765,0.137849
mexp40000-8000,4,682,8000,40000,2814765,0.117018
mexp40000-8000,5,546,8000,40000,2814765,0.206774
mexp40000-8000,6,455,8000,40000,2814765,0.211646
mexp40000-8000,7,390,8000,40000,2814765,0.216363
mexp40000-8000,8,341,8000,40000,2814765,0.228323
mexp40000-16000,0,0,16000,40000,4083265,0.478280
mexp40000-16000,1,2730,16000,40000,4083265,0.578981
mexp40000-16000,2,1365,16000,40000,4083265,0.364184
mexp40000-16000,3,910,16000,40000,4083265,0.274308
mexp40000-16000,4,682,16000,40000,4083265,0.233829
mexp40000-16000,5,546,16000,40000,4083265,0.413970
mexp40000-16000,6,455,16000,40000,4083265,0.421650
mexp40000-16000,7,390,16000,40000,4083265,0.433005
mexp40000-16000,8,341,16000,40000,4083265,0.457947
mexp40000-32000,0,0,32000,40000,5830560,0.940927
mexp40000-32000,1,2730,32000,40000,5830560,1.145840
mexp40000-32000,2,1365,32000,40000,5830560,0.721368
mexp40000-32000,3,910,32000,40000,5830560,0.550981
mexp40000-32000,4,682,32000,40000,5830560,0.467033
mexp40000-32000,5,546,32000,40000,5830560,0.825442
mexp40000-32000,6,455,32000,40000,5830560,0.844643
mexp40000-32000,7,390,32000,40000,5830560,0.866161
mexp40000-32000,8,341,32000,40000,5830560,0.915429
mexp40000-64000,0,0,64000,40000,8481570,1.892908
mexp40000-64000,1,2730,64000,40000,8481570,2.294738
mexp40000-64000,2,1365,64000,40000,8481570,1.433024
mexp40000-64000,3,910,64000,40000,8481570,1.094282
mexp40000-64000,4,682,64000,40000,8481570,0.935357
mexp40000-64000,5,546,64000,40000,8481570,1.656119
mexp40000-64000,6,455,64000,40000,8481570,1.684881
mexp40000-64000,7,390,64000,40000,8481570,1.730999
mexp40000-64000,8,341,64000,40000,8481570,1.834090
mexp40000-128000,0,0,128000,40000,12087295,3.759028
mexp40000-128000,1,2730,128000,40000,12087295,4.554588
mexp40000-128000,2,1365,128000,40000,12087295,2.875694
mexp40000-128000,3,910,128000,40000,12087295,2.196776
mexp40000-128000,4,682,128000,40000,12087295,1.869301
mexp40000-128000,5,546,128000,40000,12087295,3.314134
mexp40000-128000,6,455,128000,40000,12087295,3.377906
mexp40000-128000,7,390,128000,40000,12087295,3.480897
mexp40000-128000,8,341,128000,40000,12087295,3.681991
mexp80000-1000,0,0,1000,80000,2036540,0.060605
mexp80000-1000,1,2730,1000,80000,2036540,0.072513
mexp80000-1000,2,1365,1000,80000,2036540,0.046680
mexp80000-1000,3,910,1000,80000,2036540,0.031432
mexp80000-1000,4,682,1000,80000,2036540,0.026021
mexp80000-1000,5,546,1000,80000,2036540,0.038055
mexp80000-1000,6,455,1000,80000,2036540,0.038863
mexp80000-1000,7,390,1000,80000,2036540,0.040158
mexp80000-1000,8,341,1000,80000,2036540,0.041587
mexp80000-2000,0,0,2000,80000,2897455,0.120806
mexp80000-2000,1,2730,2000,80000,2897455,0.150779
mexp80000-2000,2,1365,2000,80000,2897455,0.086094
mexp80000-2000,3,910,2000,80000,2897455,0.063495
mexp80000-2000,4,682,2000,80000,2897455,0.052019
mexp80000-2000,5,546,2000,80000,2897455,0.076382
mexp80000-2000,6,455,2000,80000,2897455,0.091744
mexp80000-2000,7,390,2000,80000,2897455,0.088797
mexp80000-2000,8,341,2000,80000,2897455,0.083421
mexp80000-4000,0,0,4000,80000,4043250,0.244587
mexp80000-4000,1,2730,4000,80000,4043250,0.291748
mexp80000-4000,2,1365,4000,80000,4043250,0.177295
mexp80000-4000,3,910,4000,80000,4043250,0.125693
mexp80000-4000,4,682,4000,80000,4043250,0.104190
mexp80000-4000,5,546,4000,80000,4043250,0.152869
mexp80000-4000,6,455,4000,80000,4043250,0.155747
mexp80000-4000,7,390,4000,80000,4043250,0.160972
mexp80000-4000,8,341,4000,80000,4043250,0.167167
mexp80000-8000,0,0,8000,80000,5864440,0.483091
mexp80000-8000,1,2730,8000,80000,5864440,0.578145
mexp80000-8000,2,1365,8000,80000,5864440,0.344836
mexp80000-8000,3,910,8000,80000,5864440,0.251204
mexp80000-8000,4,682,8000,80000,5864440,0.208392
mexp80000-8000,5,546,8000,80000,5864440,0.305232
mexp80000-8000,6,455,8000,80000,5864440,0.311204
mexp80000-8000,7,390,8000,80000,5864440,0.321663
mexp80000-8000,8,341,8000,80000,5864440,0.333104
mexp80000-16000,0,0,16000,80000,8347340,0.965361
mexp80000-16000,1,2730,16000,80000,8347340,1.148243
mexp80000-16000,2,1365,16000,80000,8347340,0.689446
mexp80000-16000,3,910,16000,80000,8347340,0.505880
mexp80000-16000,4,682,16000,80000,8347340,0.415451
mexp80000-16000,5,546,16000,80000,8347340,0.610802
mexp80000-16000,6,455,16000,80000,8347340,0.625470
mexp80000-16000,7,390,16000,80000,8347340,0.642587
mexp80000-16000,8,341,16000,80000,8347340,0.668660
mexp80000-32000,0,0,32000,80000,11725655,1.906841
mexp80000-32000,1,2730,32000,80000,11725655,2.287175
mexp80000-32000,2,1365,32000,80000,11725655,1.368977
mexp80000-32000,3,910,32000,80000,11725655,1.010357
mexp80000-32000,4,682,32000,80000,11725655,0.833146
mexp80000-32000,5,546,32000,80000,11725655,1.219141
mexp80000-32000,6,455,32000,80000,11725655,1.249282
mexp80000-32000,7,390,32000,80000,11725655,1.281986
mexp80000-32000,8,341,32000,80000,11725655,1.330850
mexp80000-64000,0,0,64000,80000,16874725,3.834208
mexp80000-64000,1,2730,64000,80000,16874725,4.577332
mexp80000-64000,2,1365,64000,80000,16874725,2.745857
mexp80000-64000,3,910,64000,80000,16874725,2.005623
mexp80000-64000,4,682,64000,80000,16874725,1.664645
mexp80000-64000,5,546,64000,80000,16874725,2.447531
mexp80000-64000,6,455,64000,80000,16874725,2.518272
mexp80000-64000,7,390,64000,80000,16874725,2.572045
mexp80000-64000,8,341,64000,80000,16874725,2.674091
mexp80000-128000,0,0,128000,80000,24292615,7.650667
mexp80000-128000,1,2730,128000,80000,24292615,9.148794
mexp80000-128000,2,1365,128000,80000,24292615,5.555694
mexp80000-128000,3,910,128000,80000,24292615,4.046903
mexp80000-128000,4,682,128000,80000,24292615,3.328836
mexp80000-128000,5,546,128000,80000,24292615,4.882203
mexp80000-128000,6,455,128000,80000,24292615,4.997516
mexp80000-128000,7,390,128000,80000,24292615,5.142945
mexp80000-128000,8,341,128000,80000,24292615,5.343529
mexp160000-1000,0,0,1000,160000,3893735,0.124435
mexp160000-1000,1,2730,1000,160000,3893735,0.152304
mexp160000-1000,2,1365,1000,160000,3893735,0.086743
mexp160000-1000,3,910,1000,160000,3893735,0.062120
mexp160000-1000,4,682,1000,160000,3893735,0.050695
mexp160000-1000,5,546,1000,160000,3893735,0.063433
mexp160000-1000,6,455,1000,160000,3893735,0.065766
mexp160000-1000,7,390,1000,160000,3893735,0.067291
mexp160000-1000,8,341,1000,160000,3893735,0.069574
mexp160000-2000,0,0,2000,160000,5672575,0.245952
mexp160000-2000,1,2730,2000,160000,5672575,0.295866
mexp160000-2000,2,1365,2000,160000,5672575,0.177467
mexp160000-2000,3,910,2000,160000,5672575,0.125321
mexp160000-2000,4,682,2000,160000,5672575,0.101362
mexp160000-2000,5,546,2000,160000,5672575,0.129287
mexp160000-2000,6,455,2000,160000,5672575,0.130686
mexp160000-2000,7,390,2000,160000,5672575,0.134031
mexp160000-2000,8,341,2000,160000,5672575,0.138678
mexp160000-4000,0,0,4000,160000,8199045,0.494420
mexp160000-4000,1,2730,4000,160000,8199045,0.581575
mexp160000-4000,2,1365,4000,160000,8199045,0.339457
mexp160000-4000,3,910,4000,160000,8199045,0.247516
mexp160000-4000,4,682,4000,160000,8199045,0.201638
mexp160000-4000,5,546,4000,160000,8199045,0.254958
mexp160000-4000,6,455,4000,160000,8199045,0.261977
mexp160000-4000,7,390,4000,160000,8199045,0.269074
mexp160000-4000,8,341,4000,160000,8199045,0.277405
mexp160000-8000,0,0,8000,160000,11780330,0.974704
mexp160000-8000,1,2730,8000,160000,11780330,1.164716
mexp160000-8000,2,1365,8000,160000,11780330,0.688231
mexp160000-8000,3,910,8000,160000,11780330,0.495847
mexp160000-8000,4,682,8000,160000,11780330,0.402640
mexp160000-8000,5,546,8000,160000,11780330,0.513337
mexp160000-8000,6,455,8000,160000,11780330,0.533057
mexp160000-8000,7,390,8000,160000,11780330,0.541036
mexp160000-8000,8,341,8000,160000,11780330,0.554082
mexp160000-16000,0,0,16000,160000,15816890,1.946149
mexp160000-16000,1,2730,16000,160000,15816890,2.324527
mexp160000-16000,2,1365,16000,160000,15816890,1.366006
mexp160000-16000,3,910,16000,160000,15816890,0.993549
mexp160000-16000,4,682,16000,160000,15816890,0.807916
mexp160000-16000,5,546,16000,160000,15816890,1.030102
mexp160000-16000,6,455,16000,160000,15816890,1.048684
mexp160000-16000,7,390,16000,160000,15816890,1.094135
mexp160000-16000,8,341,16000,160000,15816890,1.114538
mexp160000-32000,0,0,32000,160000,24133950,3.850225
mexp160000-32000,1,2730,32000,160000,24133950,4.623045
mexp160000-32000,2,1365,32000,160000,24133950,2.775294
mexp160000-32000,3,910,32000,160000,24133950,1.986426
mexp160000-32000,4,682,32000,160000,24133950,1.614878
mexp160000-32000,5,546,32000,160000,24133950,2.043095
mexp160000-32000,6,455,32000,160000,24133950,2.096501
mexp160000-32000,7,390,32000,160000,24133950,2.146546
mexp160000-32000,8,341,32000,160000,24133950,2.232317
mexp160000-64000,0,0,64000,160000,34493930,7.825889
mexp160000-64000,1,2730,64000,160000,34493930,9.283569
mexp160000-64000,2,1365,64000,160000,34493930,5.554277
mexp160000-64000,3,910,64000,160000,34493930,4.000993
mexp160000-64000,4,682,64000,160000,34493930,3.249192
mexp160000-64000,5,546,64000,160000,34493930,4.114049
mexp160000-64000,6,455,64000,160000,34493930,4.216456
mexp160000-64000,7,390,64000,160000,34493930,4.306107
mexp160000-64000,8,341,64000,160000,34493930,4.445601
mexp160000-128000,0,0,128000,160000,49948600,15.390908
mexp160000-128000,1,2730,128000,160000,49948600,18.503745
mexp160000-128000,2,1365,128000,160000,49948600,10.978456
mexp160000-128000,3,910,128000,160000,49948600,7.978456
mexp160000-128000,4,682,128000,160000,49948600,6.444374
mexp160000-128000,5,546,128000,160000,49948600,8.179577
mexp160000-128000,6,455,128000,160000,49948600,8.450838
mexp160000-128000,7,390,128000,160000,49948600,8.690529
mexp160000-128000,8,341,128000,160000,49948600,8.925925
mexp320000-1000,0,0,1000,320000,6812375,0.312087
mexp320000-1000,1,2730,1000,320000,6812375,0.354163
mexp320000-1000,2,1365,1000,320000,6812375,0.223304
mexp320000-1000,3,910,1000,320000,6812375,0.177283
mexp320000-1000,4,682,1000,320000,6812375,0.178970
mexp320000-1000,5,546,1000,320000,6812375,0.210903
mexp320000-1000,6,455,1000,320000,6812375,0.192875
mexp320000-1000,7,390,1000,320000,6812375,0.195359
mexp320000-1000,8,341,1000,320000,6812375,0.209730
mexp320000-2000,0,0,2000,320000,10621335,0.608243
mexp320000-2000,1,2730,2000,320000,10621335,0.700067
mexp320000-2000,2,1365,2000,320000,10621335,0.459008
mexp320000-2000,3,910,2000,320000,10621335,0.386212
mexp320000-2000,4,682,2000,320000,10621335,0.361037
mexp320000-2000,5,546,2000,320000,10621335,0.405798
mexp320000-2000,6,455,2000,320000,10621335,0.427612
mexp320000-2000,7,390,2000,320000,10621335,0.431764
mexp320000-2000,8,341,2000,320000,10621335,0.435148
mexp320000-4000,0,0,4000,320000,15430275,1.240098
mexp320000-4000,1,2730,4000,320000,15430275,1.404230
mexp320000-4000,2,1365,4000,320000,15430275,0.892206
mexp320000-4000,3,910,4000,320000,15430275,0.720282
mexp320000-4000,4,682,4000,320000,15430275,0.654808
mexp320000-4000,5,546,4000,320000,15430275,0.786221
mexp320000-4000,6,455,4000,320000,15430275,0.793311
mexp320000-4000,7,390,4000,320000,15430275,0.872721
mexp320000-4000,8,341,4000,320000,15430275,0.820182
mexp320000-8000,0,0,8000,320000,22401105,2.492366
mexp320000-8000,1,2730,8000,320000,22401105,2.836231
mexp320000-8000,2,1365,8000,320000,22401105,1.874624
mexp320000-8000,3,910,8000,320000,22401105,1.562386
mexp320000-8000,4,682,8000,320000,22401105,1.441214
mexp320000-8000,5,546,8000,320000,22401105,1.644220
mexp320000-8000,6,455,8000,320000,22401105,1.667685
mexp320000-8000,7,390,8000,320000,22401105,1.650719
mexp320000-8000,8,341,8000,320000,22401105,1.693032
mexp320000-16000,0,0,16000,320000,30737890,5.025143
mexp320000-16000,1,2730,16000,320000,30737890,5.652250
mexp320000-16000,2,1365,16000,320000,30737890,3.586801
mexp320000-16000,3,910,16000,320000,30737890,2.966495
mexp320000-16000,4,682,16000,320000,30737890,2.525652
mexp320000-16000,5,546,16000,320000,30737890,3.197662
mexp320000-16000,6,455,16000,320000,30737890,3.109094
mexp320000-16000,7,390,16000,320000,30737890,3.212096
mexp320000-16000,8,341,16000,320000,30737890,3.284202
mexp320000-32000,0,0,32000,320000,44865900,9.483882
mexp320000-32000,1,2730,32000,320000,44865900,10.790799
mexp320000-32000,2,1365,32000,320000,44865900,6.899808
mexp320000-32000,3,910,32000,320000,44865900,5.237575
mexp320000-32000,4,682,32000,320000,44865900,4.697811
mexp320000-32000,5,546,32000,320000,44865900,5.772303
mexp320000-32000,6,455,32000,320000,44865900,6.026625
mexp320000-32000,7,390,32000,320000,44865900,6.129503
mexp320000-32000,8,341,32000,320000,44865900,5.867864
mexp320000-64000,0,0,64000,320000,66085650,19.300144
mexp320000-64000,1,2730,64000,320000,66085650,21.439433
mexp320000-64000,2,1365,64000,320000,66085650,14.639362
mexp320000-64000,3,910,64000,320000,66085650,11.681423
mexp320000-64000,4,682,64000,320000,66085650,10.378809
mexp320000-64000,5,546,64000,320000,66085650,12.599935
mexp320000-64000,6,455,64000,320000,66085650,11.951148
mexp320000-64000,7,390,64000,320000,66085650,12.762181
mexp320000-64000,8,341,64000,320000,66085650,13.232055
