INFO-PC
CPU op-mode(s):      32-bit, 64-bit
CPU(s):              4
On-line CPU(s) list: 0-3
CPU family:          6
Model name:          Intel(R) Core(TM) i5-2400 CPU @ 3.10GHz
CPU MHz:             1596.361
CPU max MHz:         3400,0000
CPU min MHz:         1600,0000
NUMA node0 CPU(s):   0-3
Cache L3            256 K
              total        used        free      shared  buff/cache   available
Mem:          11835        1461        3489         468        6883        9591
Swap:           979           0         979
N_THREADS,CACHE_SIZE,n_obj,max_weight,max_value,time
----------------------------------------------------------------
0	0	1000	10000	226065	0.010736	./items/mexp10000-1000
1	21845	1000	10000	226065	0.015398	./items/mexp10000-1000
2	10922	1000	10000	226065	0.016164	./items/mexp10000-1000
3	7281	1000	10000	226065	0.008426	./items/mexp10000-1000
4	5461	1000	10000	226065	0.007105	./items/mexp10000-1000
5	4369	1000	10000	226065	0.015179	./items/mexp10000-1000
6	3640	1000	10000	226065	0.015837	./items/mexp10000-1000
7	3120	1000	10000	226065	0.017047	./items/mexp10000-1000
8	2730	1000	10000	226065	0.018555	./items/mexp10000-1000
0	0	2000	10000	352495	0.013911	./items/mexp10000-2000
1	21845	2000	10000	352495	0.018372	./items/mexp10000-2000
2	10922	2000	10000	352495	0.021977	./items/mexp10000-2000
3	7281	2000	10000	352495	0.016752	./items/mexp10000-2000
4	5461	2000	10000	352495	0.014151	./items/mexp10000-2000
5	4369	2000	10000	352495	0.030140	./items/mexp10000-2000
6	3640	2000	10000	352495	0.031516	./items/mexp10000-2000
7	3120	2000	10000	352495	0.033688	./items/mexp10000-2000
8	2730	2000	10000	352495	0.036222	./items/mexp10000-2000
0	0	4000	10000	511625	0.027539	./items/mexp10000-4000
1	21845	4000	10000	511625	0.035353	./items/mexp10000-4000
2	10922	4000	10000	511625	0.046474	./items/mexp10000-4000
3	7281	4000	10000	511625	0.033165	./items/mexp10000-4000
4	5461	4000	10000	511625	0.028246	./items/mexp10000-4000
5	4369	4000	10000	511625	0.059545	./items/mexp10000-4000
6	3640	4000	10000	511625	0.062245	./items/mexp10000-4000
7	3120	4000	10000	511625	0.067177	./items/mexp10000-4000
8	2730	4000	10000	511625	0.071585	./items/mexp10000-4000
0	0	8000	10000	731100	0.056425	./items/mexp10000-8000
1	21845	8000	10000	731100	0.067242	./items/mexp10000-8000
2	10922	8000	10000	731100	0.090371	./items/mexp10000-8000
3	7281	8000	10000	731100	0.069973	./items/mexp10000-8000
4	5461	8000	10000	731100	0.056755	./items/mexp10000-8000
5	4369	8000	10000	731100	0.119655	./items/mexp10000-8000
6	3640	8000	10000	731100	0.126840	./items/mexp10000-8000
7	3120	8000	10000	731100	0.134034	./items/mexp10000-8000
8	2730	8000	10000	731100	0.143030	./items/mexp10000-8000
0	0	16000	10000	1007580	0.113555	./items/mexp10000-16000
1	21845	16000	10000	1007580	0.137697	./items/mexp10000-16000
2	10922	16000	10000	1007580	0.173771	./items/mexp10000-16000
3	7281	16000	10000	1007580	0.132809	./items/mexp10000-16000
4	5461	16000	10000	1007580	0.112801	./items/mexp10000-16000
5	4369	16000	10000	1007580	0.236526	./items/mexp10000-16000
6	3640	16000	10000	1007580	0.254347	./items/mexp10000-16000
7	3120	16000	10000	1007580	0.269522	./items/mexp10000-16000
8	2730	16000	10000	1007580	0.283626	./items/mexp10000-16000
0	0	32000	10000	1392480	0.232871	./items/mexp10000-32000
1	21845	32000	10000	1392480	0.260636	./items/mexp10000-32000
2	10922	32000	10000	1392480	0.347864	./items/mexp10000-32000
3	7281	32000	10000	1392480	0.266397	./items/mexp10000-32000
4	5461	32000	10000	1392480	0.225935	./items/mexp10000-32000
5	4369	32000	10000	1392480	0.475847	./items/mexp10000-32000
6	3640	32000	10000	1392480	0.507483	./items/mexp10000-32000
7	3120	32000	10000	1392480	0.604396	./items/mexp10000-32000
8	2730	32000	10000	1392480	0.568724	./items/mexp10000-32000
0	0	64000	10000	1892965	0.444468	./items/mexp10000-64000
1	21845	64000	10000	1892965	0.546321	./items/mexp10000-64000
2	10922	64000	10000	1892965	0.707173	./items/mexp10000-64000
3	7281	64000	10000	1892965	0.538239	./items/mexp10000-64000
4	5461	64000	10000	1892965	0.433868	./items/mexp10000-64000
5	4369	64000	10000	1892965	0.946809	./items/mexp10000-64000
6	3640	64000	10000	1892965	1.036551	./items/mexp10000-64000
7	3120	64000	10000	1892965	1.078621	./items/mexp10000-64000
8	2730	64000	10000	1892965	1.123387	./items/mexp10000-64000
0	0	128000	10000	2770810	0.880242	./items/mexp10000-128000
1	21845	128000	10000	2770810	1.022951	./items/mexp10000-128000
2	10922	128000	10000	2770810	1.410558	./items/mexp10000-128000
3	7281	128000	10000	2770810	1.079387	./items/mexp10000-128000
4	5461	128000	10000	2770810	0.877285	./items/mexp10000-128000
5	4369	128000	10000	2770810	1.894534	./items/mexp10000-128000
6	3640	128000	10000	2770810	2.025780	./items/mexp10000-128000
7	3120	128000	10000	2770810	2.162755	./items/mexp10000-128000
8	2730	128000	10000	2770810	2.247775	./items/mexp10000-128000
0	0	256000	10000	3852525	1.760422	./items/mexp10000-256000
1	21845	256000	10000	3852525	2.026398	./items/mexp10000-256000
2	10922	256000	10000	3852525	2.827810	./items/mexp10000-256000
3	7281	256000	10000	3852525	2.161385	./items/mexp10000-256000
4	5461	256000	10000	3852525	1.740739	./items/mexp10000-256000
5	4369	256000	10000	3852525	3.788838	./items/mexp10000-256000
6	3640	256000	10000	3852525	4.053513	./items/mexp10000-256000
7	3120	256000	10000	3852525	4.309978	./items/mexp10000-256000
8	2730	256000	10000	3852525	4.469077	./items/mexp10000-256000
0	0	512000	10000	5291955	3.514707	./items/mexp10000-512000
1	21845	512000	10000	5291955	4.069348	./items/mexp10000-512000
2	10922	512000	10000	5291955	5.584106	./items/mexp10000-512000
3	7281	512000	10000	5291955	4.266727	./items/mexp10000-512000
4	5461	512000	10000	5291955	3.457438	./items/mexp10000-512000
5	4369	512000	10000	5291955	7.585675	./items/mexp10000-512000
6	3640	512000	10000	5291955	8.108507	./items/mexp10000-512000
7	3120	512000	10000	5291955	8.573232	./items/mexp10000-512000
8	2730	512000	10000	5291955	8.907311	./items/mexp10000-512000
0	0	1024000	10000	7122110	6.998679	./items/mexp10000-1024000
1	21845	1024000	10000	7122110	8.115375	./items/mexp10000-1024000
2	10922	1024000	10000	7122110	11.279389	./items/mexp10000-1024000
3	7281	1024000	10000	7122110	8.579605	./items/mexp10000-1024000
4	5461	1024000	10000	7122110	6.994610	./items/mexp10000-1024000
5	4369	1024000	10000	7122110	15.293128	./items/mexp10000-1024000
6	3640	1024000	10000	7122110	16.269149	./items/mexp10000-1024000
7	3120	1024000	10000	7122110	17.130297	./items/mexp10000-1024000
8	2730	1024000	10000	7122110	17.936646	./items/mexp10000-1024000
0	0	1000	20000	521890	0.013496	./items/mexp20000-1000
1	21845	1000	20000	521890	0.018434	./items/mexp20000-1000
2	10922	1000	20000	521890	0.014389	./items/mexp20000-1000
3	7281	1000	20000	521890	0.009491	./items/mexp20000-1000
4	5461	1000	20000	521890	0.008381	./items/mexp20000-1000
5	4369	1000	20000	521890	0.017433	./items/mexp20000-1000
6	3640	1000	20000	521890	0.017927	./items/mexp20000-1000
7	3120	1000	20000	521890	0.019171	./items/mexp20000-1000
8	2730	1000	20000	521890	0.020620	./items/mexp20000-1000
0	0	2000	20000	744650	0.028173	./items/mexp20000-2000
1	21845	2000	20000	744650	0.032554	./items/mexp20000-2000
2	10922	2000	20000	744650	0.023182	./items/mexp20000-2000
3	7281	2000	20000	744650	0.018744	./items/mexp20000-2000
4	5461	2000	20000	744650	0.016540	./items/mexp20000-2000
5	4369	2000	20000	744650	0.034037	./items/mexp20000-2000
6	3640	2000	20000	744650	0.035890	./items/mexp20000-2000
7	3120	2000	20000	744650	0.037687	./items/mexp20000-2000
8	2730	2000	20000	744650	0.041682	./items/mexp20000-2000
0	0	4000	20000	1055575	0.055591	./items/mexp20000-4000
1	21845	4000	20000	1055575	0.061959	./items/mexp20000-4000
2	10922	4000	20000	1055575	0.046953	./items/mexp20000-4000
3	7281	4000	20000	1055575	0.037089	./items/mexp20000-4000
4	5461	4000	20000	1055575	0.033091	./items/mexp20000-4000
5	4369	4000	20000	1055575	0.068189	./items/mexp20000-4000
6	3640	4000	20000	1055575	0.071086	./items/mexp20000-4000
7	3120	4000	20000	1055575	0.074944	./items/mexp20000-4000
8	2730	4000	20000	1055575	0.082357	./items/mexp20000-4000
0	0	8000	20000	1471615	0.109538	./items/mexp20000-8000
1	21845	8000	20000	1471615	0.126016	./items/mexp20000-8000
2	10922	8000	20000	1471615	0.092373	./items/mexp20000-8000
3	7281	8000	20000	1471615	0.074944	./items/mexp20000-8000
4	5461	8000	20000	1471615	0.066370	./items/mexp20000-8000
5	4369	8000	20000	1471615	0.135604	./items/mexp20000-8000
6	3640	8000	20000	1471615	0.143302	./items/mexp20000-8000
7	3120	8000	20000	1471615	0.148096	./items/mexp20000-8000
8	2730	8000	20000	1471615	0.165590	./items/mexp20000-8000
0	0	16000	20000	2094540	0.213508	./items/mexp20000-16000
1	21845	16000	20000	2094540	0.252974	./items/mexp20000-16000
2	10922	16000	20000	2094540	0.179388	./items/mexp20000-16000
3	7281	16000	20000	2094540	0.148648	./items/mexp20000-16000
4	5461	16000	20000	2094540	0.132597	./items/mexp20000-16000
5	4369	16000	20000	2094540	0.271797	./items/mexp20000-16000
6	3640	16000	20000	2094540	0.289649	./items/mexp20000-16000
7	3120	16000	20000	2094540	0.297195	./items/mexp20000-16000
8	2730	16000	20000	2094540	0.325907	./items/mexp20000-16000
0	0	32000	20000	2903440	0.432829	./items/mexp20000-32000
1	21845	32000	20000	2903440	0.497806	./items/mexp20000-32000
2	10922	32000	20000	2903440	0.361908	./items/mexp20000-32000
3	7281	32000	20000	2903440	0.299176	./items/mexp20000-32000
4	5461	32000	20000	2903440	0.266469	./items/mexp20000-32000
5	4369	32000	20000	2903440	0.544212	./items/mexp20000-32000
6	3640	32000	20000	2903440	0.574061	./items/mexp20000-32000
7	3120	32000	20000	2903440	0.593101	./items/mexp20000-32000
8	2730	32000	20000	2903440	0.656119	./items/mexp20000-32000
0	0	64000	20000	4049760	0.856647	./items/mexp20000-64000
1	21845	64000	20000	4049760	0.957195	./items/mexp20000-64000
2	10922	64000	20000	4049760	0.712477	./items/mexp20000-64000
3	7281	64000	20000	4049760	0.599145	./items/mexp20000-64000
4	5461	64000	20000	4049760	0.528865	./items/mexp20000-64000
5	4369	64000	20000	4049760	1.091078	./items/mexp20000-64000
6	3640	64000	20000	4049760	1.145574	./items/mexp20000-64000
7	3120	64000	20000	4049760	1.185195	./items/mexp20000-64000
8	2730	64000	20000	4049760	1.300737	./items/mexp20000-64000
0	0	128000	20000	5952255	1.712871	./items/mexp20000-128000
1	21845	128000	20000	5952255	1.948207	./items/mexp20000-128000
2	10922	128000	20000	5952255	1.442543	./items/mexp20000-128000
3	7281	128000	20000	5952255	1.193770	./items/mexp20000-128000
4	5461	128000	20000	5952255	1.059784	./items/mexp20000-128000
5	4369	128000	20000	5952255	2.166889	./items/mexp20000-128000
6	3640	128000	20000	5952255	2.305390	./items/mexp20000-128000
7	3120	128000	20000	5952255	2.379063	./items/mexp20000-128000
8	2730	128000	20000	5952255	2.606517	./items/mexp20000-128000
0	0	256000	20000	8137865	3.392224	./items/mexp20000-256000
1	21845	256000	20000	8137865	3.859227	./items/mexp20000-256000
2	10922	256000	20000	8137865	2.821616	./items/mexp20000-256000
3	7281	256000	20000	8137865	2.383716	./items/mexp20000-256000
4	5461	256000	20000	8137865	2.107699	./items/mexp20000-256000
5	4369	256000	20000	8137865	4.339261	./items/mexp20000-256000
6	3640	256000	20000	8137865	4.595921	./items/mexp20000-256000
7	3120	256000	20000	8137865	4.759295	./items/mexp20000-256000
8	2730	256000	20000	8137865	5.221082	./items/mexp20000-256000
0	0	512000	20000	11364410	6.946979	./items/mexp20000-512000
1	21845	512000	20000	11364410	7.666376	./items/mexp20000-512000
2	10922	512000	20000	11364410	5.761648	./items/mexp20000-512000
3	7281	512000	20000	11364410	4.802136	./items/mexp20000-512000
4	5461	512000	20000	11364410	4.242608	./items/mexp20000-512000
5	4369	512000	20000	11364410	8.694202	./items/mexp20000-512000
6	3640	512000	20000	11364410	9.193716	./items/mexp20000-512000
7	3120	512000	20000	11364410	9.531192	./items/mexp20000-512000
8	2730	512000	20000	11364410	10.460929	./items/mexp20000-512000
0	0	1024000	20000	15735700	13.467236	./items/mexp20000-1024000
1	21845	1024000	20000	15735700	15.475449	./items/mexp20000-1024000
2	10922	1024000	20000	15735700	11.295960	./items/mexp20000-1024000
3	7281	1024000	20000	15735700	9.505933	./items/mexp20000-1024000
4	5461	1024000	20000	15735700	8.509233	./items/mexp20000-1024000
5	4369	1024000	20000	15735700	17.370173	./items/mexp20000-1024000
6	3640	1024000	20000	15735700	18.471672	./items/mexp20000-1024000
7	3120	1024000	20000	15735700	19.008278	./items/mexp20000-1024000
8	2730	1024000	20000	15735700	20.933305	./items/mexp20000-1024000
0	0	1000	40000	1035405	0.029726	./items/mexp40000-1000
1	21845	1000	40000	1035405	0.034358	./items/mexp40000-1000
2	10922	1000	40000	1035405	0.021766	./items/mexp40000-1000
3	7281	1000	40000	1035405	0.015999	./items/mexp40000-1000
4	5461	1000	40000	1035405	0.014919	./items/mexp40000-1000
5	4369	1000	40000	1035405	0.022993	./items/mexp40000-1000
6	3640	1000	40000	1035405	0.023418	./items/mexp40000-1000
7	3120	1000	40000	1035405	0.024353	./items/mexp40000-1000
8	2730	1000	40000	1035405	0.026963	./items/mexp40000-1000
0	0	2000	40000	1508025	0.059442	./items/mexp40000-2000
1	21845	2000	40000	1508025	0.066731	./items/mexp40000-2000
2	10922	2000	40000	1508025	0.043456	./items/mexp40000-2000
3	7281	2000	40000	1508025	0.032488	./items/mexp40000-2000
4	5461	2000	40000	1508025	0.029609	./items/mexp40000-2000
5	4369	2000	40000	1508025	0.046220	./items/mexp40000-2000
6	3640	2000	40000	1508025	0.046979	./items/mexp40000-2000
7	3120	2000	40000	1508025	0.048931	./items/mexp40000-2000
8	2730	2000	40000	1508025	0.053387	./items/mexp40000-2000
0	0	4000	40000	2053540	0.120830	./items/mexp40000-4000
1	21845	4000	40000	2053540	0.132882	./items/mexp40000-4000
2	10922	4000	40000	2053540	0.085874	./items/mexp40000-4000
3	7281	4000	40000	2053540	0.065074	./items/mexp40000-4000
4	5461	4000	40000	2053540	0.059644	./items/mexp40000-4000
5	4369	4000	40000	2053540	0.093321	./items/mexp40000-4000
6	3640	4000	40000	2053540	0.094498	./items/mexp40000-4000
7	3120	4000	40000	2053540	0.098004	./items/mexp40000-4000
8	2730	4000	40000	2053540	0.106511	./items/mexp40000-4000
0	0	8000	40000	2814765	0.240536	./items/mexp40000-8000
1	21845	8000	40000	2814765	0.257518	./items/mexp40000-8000
2	10922	8000	40000	2814765	0.176751	./items/mexp40000-8000
3	7281	8000	40000	2814765	0.129177	./items/mexp40000-8000
4	5461	8000	40000	2814765	0.118575	./items/mexp40000-8000
5	4369	8000	40000	2814765	0.185125	./items/mexp40000-8000
6	3640	8000	40000	2814765	0.189575	./items/mexp40000-8000
7	3120	8000	40000	2814765	0.194346	./items/mexp40000-8000
8	2730	8000	40000	2814765	0.212164	./items/mexp40000-8000
0	0	16000	40000	4083265	0.477661	./items/mexp40000-16000
1	21845	16000	40000	4083265	0.510348	./items/mexp40000-16000
2	10922	16000	40000	4083265	0.346748	./items/mexp40000-16000
3	7281	16000	40000	4083265	0.262382	./items/mexp40000-16000
4	5461	16000	40000	4083265	0.238790	./items/mexp40000-16000
5	4369	16000	40000	4083265	0.372913	./items/mexp40000-16000
6	3640	16000	40000	4083265	0.378502	./items/mexp40000-16000
7	3120	16000	40000	4083265	0.388802	./items/mexp40000-16000
8	2730	16000	40000	4083265	0.421962	./items/mexp40000-16000
0	0	32000	40000	5830560	0.944045	./items/mexp40000-32000
1	21845	32000	40000	5830560	1.012199	./items/mexp40000-32000
2	10922	32000	40000	5830560	0.694244	./items/mexp40000-32000
3	7281	32000	40000	5830560	0.522928	./items/mexp40000-32000
4	5461	32000	40000	5830560	0.476997	./items/mexp40000-32000
5	4369	32000	40000	5830560	0.746972	./items/mexp40000-32000
6	3640	32000	40000	5830560	0.757437	./items/mexp40000-32000
7	3120	32000	40000	5830560	0.776086	./items/mexp40000-32000
8	2730	32000	40000	5830560	0.850635	./items/mexp40000-32000
0	0	64000	40000	8481570	1.890302	./items/mexp40000-64000
1	21845	64000	40000	8481570	2.024055	./items/mexp40000-64000
2	10922	64000	40000	8481570	1.391074	./items/mexp40000-64000
3	7281	64000	40000	8481570	1.037053	./items/mexp40000-64000
4	5461	64000	40000	8481570	0.957761	./items/mexp40000-64000
5	4369	64000	40000	8481570	1.490307	./items/mexp40000-64000
6	3640	64000	40000	8481570	1.521438	./items/mexp40000-64000
7	3120	64000	40000	8481570	1.555728	./items/mexp40000-64000
8	2730	64000	40000	8481570	1.695193	./items/mexp40000-64000
0	0	128000	40000	12087295	3.772018	./items/mexp40000-128000
1	21845	128000	40000	12087295	4.042594	./items/mexp40000-128000
2	10922	128000	40000	12087295	2.802802	./items/mexp40000-128000
3	7281	128000	40000	12087295	2.097332	./items/mexp40000-128000
4	5461	128000	40000	12087295	1.906237	./items/mexp40000-128000
5	4369	128000	40000	12087295	2.993852	./items/mexp40000-128000
6	3640	128000	40000	12087295	3.010247	./items/mexp40000-128000
7	3120	128000	40000	12087295	3.123494	./items/mexp40000-128000
8	2730	128000	40000	12087295	3.391972	./items/mexp40000-128000
0	0	256000	40000	16554980	7.548312	./items/mexp40000-256000
1	21845	256000	40000	16554980	8.053616	./items/mexp40000-256000
2	10922	256000	40000	16554980	5.515069	./items/mexp40000-256000
3	7281	256000	40000	16554980	4.175354	./items/mexp40000-256000
4	5461	256000	40000	16554980	3.813731	./items/mexp40000-256000
5	4369	256000	40000	16554980	5.964092	./items/mexp40000-256000
6	3640	256000	40000	16554980	6.077829	./items/mexp40000-256000
7	3120	256000	40000	16554980	6.263906	./items/mexp40000-256000
8	2730	256000	40000	16554980	6.798116	./items/mexp40000-256000
0	0	512000	40000	23013955	15.004134	./items/mexp40000-512000
1	21845	512000	40000	23013955	16.229501	./items/mexp40000-512000
2	10922	512000	40000	23013955	10.986159	./items/mexp40000-512000
3	7281	512000	40000	23013955	8.315010	./items/mexp40000-512000
4	5461	512000	40000	23013955	7.687020	./items/mexp40000-512000
5	4369	512000	40000	23013955	11.962416	./items/mexp40000-512000
6	3640	512000	40000	23013955	12.169508	./items/mexp40000-512000
7	3120	512000	40000	23013955	12.494214	./items/mexp40000-512000
8	2730	512000	40000	23013955	13.529204	./items/mexp40000-512000
0	0	1024000	40000	31614440	30.003518	./items/mexp40000-1024000
1	21845	1024000	40000	31614440	32.282626	./items/mexp40000-1024000
2	10922	1024000	40000	31614440	21.975741	./items/mexp40000-1024000
3	7281	1024000	40000	31614440	16.747187	./items/mexp40000-1024000
4	5461	1024000	40000	31614440	15.304354	./items/mexp40000-1024000
5	4369	1024000	40000	31614440	23.884355	./items/mexp40000-1024000
6	3640	1024000	40000	31614440	24.327657	./items/mexp40000-1024000
7	3120	1024000	40000	31614440	24.955287	./items/mexp40000-1024000
8	2730	1024000	40000	31614440	27.091384	./items/mexp40000-1024000
0	0	1000	80000	2036540	0.061174	./items/mexp80000-1000
1	21845	1000	80000	2036540	0.072091	./items/mexp80000-1000
2	10922	1000	80000	2036540	0.048773	./items/mexp80000-1000
3	7281	1000	80000	2036540	0.031320	./items/mexp80000-1000
4	5461	1000	80000	2036540	0.025171	./items/mexp80000-1000
5	4369	1000	80000	2036540	0.034556	./items/mexp80000-1000
6	3640	1000	80000	2036540	0.033057	./items/mexp80000-1000
7	3120	1000	80000	2036540	0.033710	./items/mexp80000-1000
8	2730	1000	80000	2036540	0.037800	./items/mexp80000-1000
0	0	2000	80000	2897455	0.120497	./items/mexp80000-2000
1	21845	2000	80000	2897455	0.137334	./items/mexp80000-2000
2	10922	2000	80000	2897455	0.085626	./items/mexp80000-2000
3	7281	2000	80000	2897455	0.062518	./items/mexp80000-2000
4	5461	2000	80000	2897455	0.050424	./items/mexp80000-2000
5	4369	2000	80000	2897455	0.069421	./items/mexp80000-2000
6	3640	2000	80000	2897455	0.066766	./items/mexp80000-2000
7	3120	2000	80000	2897455	0.067658	./items/mexp80000-2000
8	2730	2000	80000	2897455	0.075350	./items/mexp80000-2000
0	0	4000	80000	4043250	0.242189	./items/mexp80000-4000
1	21845	4000	80000	4043250	0.275027	./items/mexp80000-4000
2	10922	4000	80000	4043250	0.170338	./items/mexp80000-4000
3	7281	4000	80000	4043250	0.125083	./items/mexp80000-4000
4	5461	4000	80000	4043250	0.100791	./items/mexp80000-4000
5	4369	4000	80000	4043250	0.137843	./items/mexp80000-4000
6	3640	4000	80000	4043250	0.133550	./items/mexp80000-4000
7	3120	4000	80000	4043250	0.135543	./items/mexp80000-4000
8	2730	4000	80000	4043250	0.150420	./items/mexp80000-4000
0	0	8000	80000	5864440	0.483252	./items/mexp80000-8000
1	21845	8000	80000	5864440	0.536090	./items/mexp80000-8000
2	10922	8000	80000	5864440	0.345414	./items/mexp80000-8000
3	7281	8000	80000	5864440	0.249822	./items/mexp80000-8000
4	5461	8000	80000	5864440	0.201628	./items/mexp80000-8000
5	4369	8000	80000	5864440	0.278861	./items/mexp80000-8000
6	3640	8000	80000	5864440	0.267186	./items/mexp80000-8000
7	3120	8000	80000	5864440	0.269820	./items/mexp80000-8000
8	2730	8000	80000	5864440	0.299999	./items/mexp80000-8000
0	0	16000	80000	8347340	0.951158	./items/mexp80000-16000
1	21845	16000	80000	8347340	1.068503	./items/mexp80000-16000
2	10922	16000	80000	8347340	0.679749	./items/mexp80000-16000
3	7281	16000	80000	8347340	0.500773	./items/mexp80000-16000
4	5461	16000	80000	8347340	0.403290	./items/mexp80000-16000
5	4369	16000	80000	8347340	0.552544	./items/mexp80000-16000
6	3640	16000	80000	8347340	0.533540	./items/mexp80000-16000
7	3120	16000	80000	8347340	0.541059	./items/mexp80000-16000
8	2730	16000	80000	8347340	0.601942	./items/mexp80000-16000
0	0	32000	80000	11725655	1.904030	./items/mexp80000-32000
1	21845	32000	80000	11725655	2.154504	./items/mexp80000-32000
2	10922	32000	80000	11725655	1.353005	./items/mexp80000-32000
3	7281	32000	80000	11725655	1.007376	./items/mexp80000-32000
4	5461	32000	80000	11725655	0.808369	./items/mexp80000-32000
5	4369	32000	80000	11725655	1.105519	./items/mexp80000-32000
6	3640	32000	80000	11725655	1.066942	./items/mexp80000-32000
7	3120	32000	80000	11725655	1.082203	./items/mexp80000-32000
8	2730	32000	80000	11725655	1.202850	./items/mexp80000-32000
0	0	64000	80000	16874725	3.800022	./items/mexp80000-64000
1	21845	64000	80000	16874725	4.234503	./items/mexp80000-64000
2	10922	64000	80000	16874725	2.687296	./items/mexp80000-64000
3	7281	64000	80000	16874725	2.009981	./items/mexp80000-64000
4	5461	64000	80000	16874725	1.612182	./items/mexp80000-64000
5	4369	64000	80000	16874725	2.213517	./items/mexp80000-64000
6	3640	64000	80000	16874725	2.139828	./items/mexp80000-64000
7	3120	64000	80000	16874725	2.185429	./items/mexp80000-64000
8	2730	64000	80000	16874725	2.405940	./items/mexp80000-64000
0	0	128000	80000	24292615	7.596605	./items/mexp80000-128000
1	21845	128000	80000	24292615	8.513020	./items/mexp80000-128000
2	10922	128000	80000	24292615	5.410473	./items/mexp80000-128000
3	7281	128000	80000	24292615	4.002161	./items/mexp80000-128000
4	5461	128000	80000	24292615	3.224974	./items/mexp80000-128000
5	4369	128000	80000	24292615	4.423036	./items/mexp80000-128000
6	3640	128000	80000	24292615	4.291699	./items/mexp80000-128000
7	3120	128000	80000	24292615	4.319972	./items/mexp80000-128000
8	2730	128000	80000	24292615	4.814952	./items/mexp80000-128000
0	0	256000	80000	33000000	15.184560	./items/mexp80000-256000
1	21845	256000	80000	33000000	17.028436	./items/mexp80000-256000
2	10922	256000	80000	33000000	10.745556	./items/mexp80000-256000
3	7281	256000	80000	33000000	8.043666	./items/mexp80000-256000
4	5461	256000	80000	33000000	6.469926	./items/mexp80000-256000
5	4369	256000	80000	33000000	8.846801	./items/mexp80000-256000
6	3640	256000	80000	33000000	8.533319	./items/mexp80000-256000
7	3120	256000	80000	33000000	8.649043	./items/mexp80000-256000
8	2730	256000	80000	33000000	9.632020	./items/mexp80000-256000
0	0	512000	80000	44964505	30.491505	./items/mexp80000-512000
1	21845	512000	80000	44964505	34.020707	./items/mexp80000-512000
2	10922	512000	80000	44964505	21.669713	./items/mexp80000-512000
3	7281	512000	80000	44964505	15.997925	./items/mexp80000-512000
4	5461	512000	80000	44964505	12.890528	./items/mexp80000-512000
5	4369	512000	80000	44964505	17.695066	./items/mexp80000-512000
6	3640	512000	80000	44964505	17.080208	./items/mexp80000-512000
7	3120	512000	80000	44964505	17.332051	./items/mexp80000-512000
8	2730	512000	80000	44964505	19.215825	./items/mexp80000-512000
0	0	1024000	80000	64239685	60.725789	./items/mexp80000-1024000
1	21845	1024000	80000	64239685	67.732445	./items/mexp80000-1024000
2	10922	1024000	80000	64239685	43.614542	./items/mexp80000-1024000
3	7281	1024000	80000	64239685	31.868887	./items/mexp80000-1024000
4	5461	1024000	80000	64239685	25.789791	./items/mexp80000-1024000
5	4369	1024000	80000	64239685	35.442349	./items/mexp80000-1024000
6	3640	1024000	80000	64239685	34.159064	./items/mexp80000-1024000
7	3120	1024000	80000	64239685	34.593708	./items/mexp80000-1024000
8	2730	1024000	80000	64239685	38.412642	./items/mexp80000-1024000
0	0	1000	160000	3893735	0.124768	./items/mexp160000-1000
1	21845	1000	160000	3893735	0.145545	./items/mexp160000-1000
2	10922	1000	160000	3893735	0.085139	./items/mexp160000-1000
3	7281	1000	160000	3893735	0.060186	./items/mexp160000-1000
4	5461	1000	160000	3893735	0.047165	./items/mexp160000-1000
5	4369	1000	160000	3893735	0.057511	./items/mexp160000-1000
6	3640	1000	160000	3893735	0.053711	./items/mexp160000-1000
7	3120	1000	160000	3893735	0.056499	./items/mexp160000-1000
8	2730	1000	160000	3893735	0.061479	./items/mexp160000-1000
0	0	2000	160000	5672575	0.246385	./items/mexp160000-2000
1	21845	2000	160000	5672575	0.285840	./items/mexp160000-2000
2	10922	2000	160000	5672575	0.170445	./items/mexp160000-2000
3	7281	2000	160000	5672575	0.122547	./items/mexp160000-2000
4	5461	2000	160000	5672575	0.094629	./items/mexp160000-2000
5	4369	2000	160000	5672575	0.115928	./items/mexp160000-2000
6	3640	2000	160000	5672575	0.109694	./items/mexp160000-2000
7	3120	2000	160000	5672575	0.111823	./items/mexp160000-2000
8	2730	2000	160000	5672575	0.125374	./items/mexp160000-2000
0	0	4000	160000	8199045	0.497159	./items/mexp160000-4000
1	21845	4000	160000	8199045	0.559014	./items/mexp160000-4000
2	10922	4000	160000	8199045	0.343929	./items/mexp160000-4000
3	7281	4000	160000	8199045	0.241776	./items/mexp160000-4000
4	5461	4000	160000	8199045	0.188817	./items/mexp160000-4000
5	4369	4000	160000	8199045	0.228596	./items/mexp160000-4000
6	3640	4000	160000	8199045	0.216941	./items/mexp160000-4000
7	3120	4000	160000	8199045	0.215685	./items/mexp160000-4000
8	2730	4000	160000	8199045	0.244764	./items/mexp160000-4000
0	0	8000	160000	11780330	0.975627	./items/mexp160000-8000
1	21845	8000	160000	11780330	1.119154	./items/mexp160000-8000
2	10922	8000	160000	11780330	0.670923	./items/mexp160000-8000
3	7281	8000	160000	11780330	0.484426	./items/mexp160000-8000
4	5461	8000	160000	11780330	0.382648	./items/mexp160000-8000
5	4369	8000	160000	11780330	0.466106	./items/mexp160000-8000
6	3640	8000	160000	11780330	0.432071	./items/mexp160000-8000
7	3120	8000	160000	11780330	0.433976	./items/mexp160000-8000
8	2730	8000	160000	11780330	0.485409	./items/mexp160000-8000
0	0	16000	160000	15816890	1.940378	./items/mexp160000-16000
1	21845	16000	160000	15816890	2.218879	./items/mexp160000-16000
2	10922	16000	160000	15816890	1.341969	./items/mexp160000-16000
3	7281	16000	160000	15816890	0.959784	./items/mexp160000-16000
4	5461	16000	160000	15816890	0.756504	./items/mexp160000-16000
5	4369	16000	160000	15816890	0.923141	./items/mexp160000-16000
6	3640	16000	160000	15816890	0.858290	./items/mexp160000-16000
7	3120	16000	160000	15816890	0.870701	./items/mexp160000-16000
8	2730	16000	160000	15816890	0.972588	./items/mexp160000-16000
0	0	32000	160000	24133950	3.871750	./items/mexp160000-32000
1	21845	32000	160000	24133950	4.449212	./items/mexp160000-32000
2	10922	32000	160000	24133950	2.669823	./items/mexp160000-32000
3	7281	32000	160000	24133950	1.992300	./items/mexp160000-32000
4	5461	32000	160000	24133950	1.510889	./items/mexp160000-32000
5	4369	32000	160000	24133950	1.827928	./items/mexp160000-32000
6	3640	32000	160000	24133950	1.709815	./items/mexp160000-32000
7	3120	32000	160000	24133950	1.741594	./items/mexp160000-32000
8	2730	32000	160000	24133950	1.955061	./items/mexp160000-32000
0	0	64000	160000	34493930	7.931435	./items/mexp160000-64000
1	21845	64000	160000	34493930	8.970484	./items/mexp160000-64000
2	10922	64000	160000	34493930	5.376445	./items/mexp160000-64000
3	7281	64000	160000	34493930	3.901752	./items/mexp160000-64000
4	5461	64000	160000	34493930	3.027152	./items/mexp160000-64000
5	4369	64000	160000	34493930	3.698404	./items/mexp160000-64000
6	3640	64000	160000	34493930	3.470457	./items/mexp160000-64000
7	3120	64000	160000	34493930	3.481525	./items/mexp160000-64000
8	2730	64000	160000	34493930	3.875663	./items/mexp160000-64000
0	0	128000	160000	49948600	15.511694	./items/mexp160000-128000
1	21845	128000	160000	49948600	17.727279	./items/mexp160000-128000
2	10922	128000	160000	49948600	10.667883	./items/mexp160000-128000
3	7281	128000	160000	49948600	7.721067	./items/mexp160000-128000
4	5461	128000	160000	49948600	6.060700	./items/mexp160000-128000
5	4369	128000	160000	49948600	7.313991	./items/mexp160000-128000
6	3640	128000	160000	49948600	6.908288	./items/mexp160000-128000
7	3120	128000	160000	49948600	7.142618	./items/mexp160000-128000
8	2730	128000	160000	49948600	7.716474	./items/mexp160000-128000
0	0	256000	160000	67359030	30.760315	./items/mexp160000-256000
1	21845	256000	160000	67359030	35.361895	./items/mexp160000-256000
2	10922	256000	160000	67359030	21.433343	./items/mexp160000-256000
3	7281	256000	160000	67359030	15.462500	./items/mexp160000-256000
4	5461	256000	160000	67359030	12.269076	./items/mexp160000-256000
5	4369	256000	160000	67359030	14.740590	./items/mexp160000-256000
6	3640	256000	160000	67359030	13.678539	./items/mexp160000-256000
7	3120	256000	160000	67359030	14.016120	./items/mexp160000-256000
8	2730	256000	160000	67359030	16.062926	./items/mexp160000-256000
0	0	512000	160000	93432710	61.421625	./items/mexp160000-512000
1	21845	512000	160000	93432710	70.663979	./items/mexp160000-512000
2	10922	512000	160000	93432710	43.048986	./items/mexp160000-512000
3	7281	512000	160000	93432710	30.897115	./items/mexp160000-512000
4	5461	512000	160000	93432710	24.223787	./items/mexp160000-512000
5	4369	512000	160000	93432710	29.412865	./items/mexp160000-512000
6	3640	512000	160000	93432710	27.281074	./items/mexp160000-512000
7	3120	512000	160000	93432710	27.666100	./items/mexp160000-512000
8	2730	512000	160000	93432710	30.910215	./items/mexp160000-512000
0	0	1024000	160000	131310495	122.969890	./items/mexp160000-1024000
1	21845	1024000	160000	131310495	141.081864	./items/mexp160000-1024000
2	10922	1024000	160000	131310495	85.349185	./items/mexp160000-1024000
3	7281	1024000	160000	131310495	61.702990	./items/mexp160000-1024000
4	5461	1024000	160000	131310495	48.435015	./items/mexp160000-1024000
5	4369	1024000	160000	131310495	58.321482	./items/mexp160000-1024000
6	3640	1024000	160000	131310495	55.659550	./items/mexp160000-1024000
7	3120	1024000	160000	131310495	55.799312	./items/mexp160000-1024000
8	2730	1024000	160000	131310495	62.118818	./items/mexp160000-1024000
0	0	1000	320000	6812375	0.313326	./items/mexp320000-1000
1	21845	1000	320000	6812375	0.338945	./items/mexp320000-1000
2	10922	1000	320000	6812375	0.219015	./items/mexp320000-1000
3	7281	1000	320000	6812375	0.184552	./items/mexp320000-1000
4	5461	1000	320000	6812375	0.163811	./items/mexp320000-1000
5	4369	1000	320000	6812375	0.178882	./items/mexp320000-1000
6	3640	1000	320000	6812375	0.164433	./items/mexp320000-1000
7	3120	1000	320000	6812375	0.152372	./items/mexp320000-1000
8	2730	1000	320000	6812375	0.171213	./items/mexp320000-1000
0	0	2000	320000	10621335	0.603300	./items/mexp320000-2000
1	21845	2000	320000	10621335	0.678013	./items/mexp320000-2000
2	10922	2000	320000	10621335	0.427217	./items/mexp320000-2000
3	7281	2000	320000	10621335	0.311835	./items/mexp320000-2000
4	5461	2000	320000	10621335	0.305653	./items/mexp320000-2000
5	4369	2000	320000	10621335	0.350494	./items/mexp320000-2000
6	3640	2000	320000	10621335	0.321204	./items/mexp320000-2000
7	3120	2000	320000	10621335	0.327615	./items/mexp320000-2000
8	2730	2000	320000	10621335	0.354082	./items/mexp320000-2000
0	0	4000	320000	15430275	1.220080	./items/mexp320000-4000
1	21845	4000	320000	15430275	1.360805	./items/mexp320000-4000
2	10922	4000	320000	15430275	0.873911	./items/mexp320000-4000
3	7281	4000	320000	15430275	0.743166	./items/mexp320000-4000
4	5461	4000	320000	15430275	0.712054	./items/mexp320000-4000
5	4369	4000	320000	15430275	0.749034	./items/mexp320000-4000
6	3640	4000	320000	15430275	0.752531	./items/mexp320000-4000
7	3120	4000	320000	15430275	0.768874	./items/mexp320000-4000
8	2730	4000	320000	15430275	0.747958	./items/mexp320000-4000
0	0	8000	320000	22401105	2.373025	./items/mexp320000-8000
1	21845	8000	320000	22401105	2.702886	./items/mexp320000-8000
2	10922	8000	320000	22401105	1.692101	./items/mexp320000-8000
3	7281	8000	320000	22401105	1.337710	./items/mexp320000-8000
4	5461	8000	320000	22401105	1.179597	./items/mexp320000-8000
5	4369	8000	320000	22401105	1.371836	./items/mexp320000-8000
6	3640	8000	320000	22401105	1.411646	./items/mexp320000-8000
7	3120	8000	320000	22401105	1.520445	./items/mexp320000-8000
8	2730	8000	320000	22401105	1.430625	./items/mexp320000-8000
0	0	16000	320000	30737890	4.799608	./items/mexp320000-16000
1	21845	16000	320000	30737890	5.462285	./items/mexp320000-16000
2	10922	16000	320000	30737890	3.275240	./items/mexp320000-16000
3	7281	16000	320000	30737890	2.731143	./items/mexp320000-16000
4	5461	16000	320000	30737890	2.527920	./items/mexp320000-16000
5	4369	16000	320000	30737890	2.891806	./items/mexp320000-16000
6	3640	16000	320000	30737890	2.879492	./items/mexp320000-16000
7	3120	16000	320000	30737890	2.930270	./items/mexp320000-16000
8	2730	16000	320000	30737890	3.149377	./items/mexp320000-16000
0	0	32000	320000	44865900	9.728685	./items/mexp320000-32000
1	21845	32000	320000	44865900	10.852936	./items/mexp320000-32000
2	10922	32000	320000	44865900	6.867762	./items/mexp320000-32000
3	7281	32000	320000	44865900	5.876449	./items/mexp320000-32000
4	5461	32000	320000	44865900	5.125202	./items/mexp320000-32000
5	4369	32000	320000	44865900	5.337061	./items/mexp320000-32000
6	3640	32000	320000	44865900	5.127671	./items/mexp320000-32000
7	3120	32000	320000	44865900	5.675407	./items/mexp320000-32000
8	2730	32000	320000	44865900	5.651266	./items/mexp320000-32000
0	0	64000	320000	66085650	19.634379	./items/mexp320000-64000
1	21845	64000	320000	66085650	22.193052	./items/mexp320000-64000
2	10922	64000	320000	66085650	13.098311	./items/mexp320000-64000
3	7281	64000	320000	66085650	11.148988	./items/mexp320000-64000
4	5461	64000	320000	66085650	9.791582	./items/mexp320000-64000
5	4369	64000	320000	66085650	11.209736	./items/mexp320000-64000
6	3640	64000	320000	66085650	11.292711	./items/mexp320000-64000
7	3120	64000	320000	66085650	11.379965	./items/mexp320000-64000
8	2730	64000	320000	66085650	12.205551	./items/mexp320000-64000
0	0	128000	320000	94871460	37.764987	./items/mexp320000-128000
1	21845	128000	320000	94871460	42.672755	./items/mexp320000-128000
2	10922	128000	320000	94871460	27.585588	./items/mexp320000-128000
3	7281	128000	320000	94871460	22.010330	./items/mexp320000-128000
4	5461	128000	320000	94871460	20.086621	./items/mexp320000-128000
5	4369	128000	320000	94871460	25.875605	./items/mexp320000-128000
6	3640	128000	320000	94871460	21.676534	./items/mexp320000-128000
7	3120	128000	320000	94871460	26.550359	./items/mexp320000-128000
8	2730	128000	320000	94871460	21.965991	./items/mexp320000-128000
0	0	256000	320000	132509520	79.046073	./items/mexp320000-256000
1	21845	256000	320000	132509520	88.582355	./items/mexp320000-256000
2	10922	256000	320000	132509520	56.346072	./items/mexp320000-256000
3	7281	256000	320000	132509520	43.677850	./items/mexp320000-256000
4	5461	256000	320000	132509520	41.990381	./items/mexp320000-256000
5	4369	256000	320000	132509520	41.651443	./items/mexp320000-256000
6	3640	256000	320000	132509520	46.708694	./items/mexp320000-256000
7	3120	256000	320000	132509520	46.946845	./items/mexp320000-256000
8	2730	256000	320000	132509520	38.289195	./items/mexp320000-256000
0	0	512000	320000	186490285	165.380484	./items/mexp320000-512000
2	10922	512000	320000	186490285	111.297574	./items/mexp320000-512000
