INFO-PC
Modo(s) operacional da CPU:32-bit, 64-bit
CPU(s):                16
On-line CPU(s) list:   0-15
Família da CPU:       6
Model name:            Intel(R) Xeon(R) CPU           E5620  @ 2.40GHz
CPU MHz:               1626.437
CPU max MHz:           2401,0000
CPU min MHz:           1600,0000
NUMA node0 CPU(s):     0-3,8-11
NUMA node1 CPU(s):     4-7,12-15
Thread(s) per núcleo  2
cache de L1d:          32K
cache de L1i:          32K
cache de L2:           256K
cache de L3:           12288K
              total        used        free      shared  buff/cache   available
Mem:          72476         849       64287          17        7340       70819
Swap:             0           0           0
----------------------------------------------------------------
file,N_THREADS,CHUNK_SIZE,n_obj,max_weight,max_value,time
mexp10000-1000,0,0,1000,10000,226065,0.021233
mexp10000-1000,1,21845,1000,10000,226065,0.023263
mexp10000-1000,2,10922,1000,10000,226065,0.021651
mexp10000-1000,3,7281,1000,10000,226065,0.032515
mexp10000-1000,4,5461,1000,10000,226065,0.024865
mexp10000-1000,5,4369,1000,10000,226065,0.038017
mexp10000-1000,6,3640,1000,10000,226065,0.026056
mexp10000-1000,7,3120,1000,10000,226065,0.039994
mexp10000-1000,8,2730,1000,10000,226065,0.025913
mexp10000-1000,9,2427,1000,10000,226065,0.043263
mexp10000-1000,10,2184,1000,10000,226065,0.048570
mexp10000-1000,11,1985,1000,10000,226065,0.060985
mexp10000-1000,12,1820,1000,10000,226065,0.032193
mexp10000-1000,13,1680,1000,10000,226065,0.058979
mexp10000-1000,14,1560,1000,10000,226065,0.072262
mexp10000-1000,15,1456,1000,10000,226065,0.078421
mexp10000-1000,16,1365,1000,10000,226065,0.094035
mexp10000-2000,0,0,2000,10000,352495,0.034918
mexp10000-2000,1,21845,2000,10000,352495,0.043196
mexp10000-2000,2,10922,2000,10000,352495,0.047118
mexp10000-2000,3,7281,2000,10000,352495,0.056274
mexp10000-2000,4,5461,2000,10000,352495,0.063423
mexp10000-2000,5,4369,2000,10000,352495,0.048680
mexp10000-2000,6,3640,2000,10000,352495,0.049744
mexp10000-2000,7,3120,2000,10000,352495,0.077641
mexp10000-2000,8,2730,2000,10000,352495,0.081813
mexp10000-2000,9,2427,2000,10000,352495,0.082209
mexp10000-2000,10,2184,2000,10000,352495,0.091798
mexp10000-2000,11,1985,2000,10000,352495,0.090614
mexp10000-2000,12,1820,2000,10000,352495,0.108138
mexp10000-2000,13,1680,2000,10000,352495,0.058590
mexp10000-2000,14,1560,2000,10000,352495,0.051311
mexp10000-2000,15,1456,2000,10000,352495,0.158868
mexp10000-2000,16,1365,2000,10000,352495,0.181208
mexp10000-4000,0,0,4000,10000,511625,0.067747
mexp10000-4000,1,21845,4000,10000,511625,0.082447
mexp10000-4000,2,10922,4000,10000,511625,0.090671
mexp10000-4000,3,7281,4000,10000,511625,0.090160
mexp10000-4000,4,5461,4000,10000,511625,0.124709
mexp10000-4000,5,4369,4000,10000,511625,0.133023
mexp10000-4000,6,3640,4000,10000,511625,0.100631
mexp10000-4000,7,3120,4000,10000,511625,0.163484
mexp10000-4000,8,2730,4000,10000,511625,0.158356
mexp10000-4000,9,2427,4000,10000,511625,0.110414
mexp10000-4000,10,2184,4000,10000,511625,0.214245
mexp10000-4000,11,1985,4000,10000,511625,0.217640
mexp10000-4000,12,1820,4000,10000,511625,0.215713
mexp10000-4000,13,1680,4000,10000,511625,0.240141
mexp10000-4000,14,1560,4000,10000,511625,0.291597
mexp10000-4000,15,1456,4000,10000,511625,0.298303
mexp10000-4000,16,1365,4000,10000,511625,0.364132
mexp10000-8000,0,0,8000,10000,731100,0.135286
mexp10000-8000,1,21845,8000,10000,731100,0.161504
mexp10000-8000,2,10922,8000,10000,731100,0.174604
mexp10000-8000,3,7281,8000,10000,731100,0.213648
mexp10000-8000,4,5461,8000,10000,731100,0.189067
mexp10000-8000,5,4369,8000,10000,731100,0.277887
mexp10000-8000,6,3640,8000,10000,731100,0.296424
mexp10000-8000,7,3120,8000,10000,731100,0.302591
mexp10000-8000,8,2730,8000,10000,731100,0.327223
mexp10000-8000,9,2427,8000,10000,731100,0.201525
mexp10000-8000,10,2184,8000,10000,731100,0.366826
mexp10000-8000,11,1985,8000,10000,731100,0.423959
mexp10000-8000,12,1820,8000,10000,731100,0.445247
mexp10000-8000,13,1680,8000,10000,731100,0.474931
mexp10000-8000,14,1560,8000,10000,731100,0.559103
mexp10000-8000,15,1456,8000,10000,731100,0.201664
mexp10000-8000,16,1365,8000,10000,731100,0.698132
mexp10000-16000,0,0,16000,10000,1007580,0.272727
mexp10000-16000,1,21845,16000,10000,1007580,0.317413
mexp10000-16000,2,10922,16000,10000,1007580,0.345390
mexp10000-16000,3,7281,16000,10000,1007580,0.418254
mexp10000-16000,4,5461,16000,10000,1007580,0.496704
mexp10000-16000,5,4369,16000,10000,1007580,0.540857
mexp10000-16000,6,3640,16000,10000,1007580,0.586719
mexp10000-16000,7,3120,16000,10000,1007580,0.404022
mexp10000-16000,8,2730,16000,10000,1007580,0.668858
mexp10000-16000,9,2427,16000,10000,1007580,0.744646
mexp10000-16000,10,2184,16000,10000,1007580,0.732560
mexp10000-16000,11,1985,16000,10000,1007580,0.408811
mexp10000-16000,12,1820,16000,10000,1007580,0.433094
mexp10000-16000,13,1680,16000,10000,1007580,1.026935
mexp10000-16000,14,1560,16000,10000,1007580,0.401167
mexp10000-16000,15,1456,16000,10000,1007580,0.407932
mexp10000-16000,16,1365,16000,10000,1007580,1.413885
mexp10000-32000,0,0,32000,10000,1392480,0.536598
mexp10000-32000,1,21845,32000,10000,1392480,0.632225
mexp10000-32000,2,10922,32000,10000,1392480,0.699394
mexp10000-32000,3,7281,32000,10000,1392480,0.693639
mexp10000-32000,4,5461,32000,10000,1392480,0.735612
mexp10000-32000,5,4369,32000,10000,1392480,1.033347
mexp10000-32000,6,3640,32000,10000,1392480,1.170607
mexp10000-32000,7,3120,32000,10000,1392480,0.794338
mexp10000-32000,8,2730,32000,10000,1392480,1.252855
mexp10000-32000,9,2427,32000,10000,1392480,1.292401
mexp10000-32000,10,2184,32000,10000,1392480,0.865272
mexp10000-32000,11,1985,32000,10000,1392480,0.835647
mexp10000-32000,12,1820,32000,10000,1392480,1.823525
mexp10000-32000,13,1680,32000,10000,1392480,2.019704
mexp10000-32000,14,1560,32000,10000,1392480,2.186093
mexp10000-32000,15,1456,32000,10000,1392480,2.429888
mexp10000-32000,16,1365,32000,10000,1392480,2.893331
mexp10000-64000,0,0,64000,10000,1892965,1.075324
mexp10000-64000,1,21845,64000,10000,1892965,1.256177
mexp10000-64000,2,10922,64000,10000,1892965,1.412168
mexp10000-64000,3,7281,64000,10000,1892965,1.386635
mexp10000-64000,4,5461,64000,10000,1892965,1.471998
mexp10000-64000,5,4369,64000,10000,1892965,1.425075
mexp10000-64000,6,3640,64000,10000,1892965,2.290836
mexp10000-64000,7,3120,64000,10000,1892965,2.410267
mexp10000-64000,8,2730,64000,10000,1892965,2.653845
mexp10000-64000,9,2427,64000,10000,1892965,1.590121
mexp10000-64000,10,2184,64000,10000,1892965,1.596945
mexp10000-64000,11,1985,64000,10000,1892965,1.634298
mexp10000-64000,12,1820,64000,10000,1892965,3.451053
mexp10000-64000,13,1680,64000,10000,1892965,3.910212
mexp10000-64000,14,1560,64000,10000,1892965,4.759261
mexp10000-64000,15,1456,64000,10000,1892965,5.263708
mexp10000-64000,16,1365,64000,10000,1892965,5.502509
mexp10000-128000,0,0,128000,10000,2770810,2.127278
mexp10000-128000,1,21845,128000,10000,2770810,2.454766
mexp10000-128000,2,10922,128000,10000,2770810,2.763124
mexp10000-128000,3,7281,128000,10000,2770810,2.824580
mexp10000-128000,4,5461,128000,10000,2770810,3.719295
mexp10000-128000,5,4369,128000,10000,2770810,4.188570
mexp10000-128000,6,3640,128000,10000,2770810,4.344233
mexp10000-128000,7,3120,128000,10000,2770810,4.689777
mexp10000-128000,8,2730,128000,10000,2770810,4.763704
mexp10000-128000,9,2427,128000,10000,2770810,5.120180
mexp10000-128000,10,2184,128000,10000,2770810,5.867506
mexp10000-128000,11,1985,128000,10000,2770810,3.371213
mexp10000-128000,12,1820,128000,10000,2770810,6.807546
mexp10000-128000,13,1680,128000,10000,2770810,7.916860
mexp10000-128000,14,1560,128000,10000,2770810,8.975972
mexp10000-128000,15,1456,128000,10000,2770810,10.218830
mexp10000-128000,16,1365,128000,10000,2770810,3.131776
mexp20000-1000,0,0,1000,20000,521890,0.034247
mexp20000-1000,1,21845,1000,20000,521890,0.042417
mexp20000-1000,2,10922,1000,20000,521890,0.043314
mexp20000-1000,3,7281,1000,20000,521890,0.043654
mexp20000-1000,4,5461,1000,20000,521890,0.067375
mexp20000-1000,5,4369,1000,20000,521890,0.073074
mexp20000-1000,6,3640,1000,20000,521890,0.084048
mexp20000-1000,7,3120,1000,20000,521890,0.034059
mexp20000-1000,8,2730,1000,20000,521890,0.086601
mexp20000-1000,9,2427,1000,20000,521890,0.044899
mexp20000-1000,10,2184,1000,20000,521890,0.097026
mexp20000-1000,11,1985,1000,20000,521890,0.127087
mexp20000-1000,12,1820,1000,20000,521890,0.049797
mexp20000-1000,13,1680,1000,20000,521890,0.044193
mexp20000-1000,14,1560,1000,20000,521890,0.163607
mexp20000-1000,15,1456,1000,20000,521890,0.162453
mexp20000-1000,16,1365,1000,20000,521890,0.167479
mexp20000-2000,0,0,2000,20000,744650,0.068931
mexp20000-2000,1,21845,2000,20000,744650,0.081960
mexp20000-2000,2,10922,2000,20000,744650,0.115745
mexp20000-2000,3,7281,2000,20000,744650,0.080888
mexp20000-2000,4,5461,2000,20000,744650,0.072416
mexp20000-2000,5,4369,2000,20000,744650,0.143358
mexp20000-2000,6,3640,2000,20000,744650,0.068370
mexp20000-2000,7,3120,2000,20000,744650,0.162568
mexp20000-2000,8,2730,2000,20000,744650,0.216304
mexp20000-2000,9,2427,2000,20000,744650,0.086472
mexp20000-2000,10,2184,2000,20000,744650,0.230597
mexp20000-2000,11,1985,2000,20000,744650,0.262829
mexp20000-2000,12,1820,2000,20000,744650,0.090139
mexp20000-2000,13,1680,2000,20000,744650,0.093661
mexp20000-2000,14,1560,2000,20000,744650,0.086153
mexp20000-2000,15,1456,2000,20000,744650,0.089908
mexp20000-2000,16,1365,2000,20000,744650,0.349892
mexp20000-4000,0,0,4000,20000,1055575,0.136514
mexp20000-4000,1,21845,4000,20000,1055575,0.157271
mexp20000-4000,2,10922,4000,20000,1055575,0.228500
mexp20000-4000,3,7281,4000,20000,1055575,0.251255
mexp20000-4000,4,5461,4000,20000,1055575,0.153046
mexp20000-4000,5,4369,4000,20000,1055575,0.298440
mexp20000-4000,6,3640,4000,20000,1055575,0.183440
mexp20000-4000,7,3120,4000,20000,1055575,0.327522
mexp20000-4000,8,2730,4000,20000,1055575,0.325534
mexp20000-4000,9,2427,4000,20000,1055575,0.180509
mexp20000-4000,10,2184,4000,20000,1055575,0.379670
mexp20000-4000,11,1985,4000,20000,1055575,0.455801
mexp20000-4000,12,1820,4000,20000,1055575,0.453442
mexp20000-4000,13,1680,4000,20000,1055575,0.626046
mexp20000-4000,14,1560,4000,20000,1055575,0.628423
mexp20000-4000,15,1456,4000,20000,1055575,0.643680
mexp20000-4000,16,1365,4000,20000,1055575,0.729493
mexp20000-8000,0,0,8000,20000,1471615,0.270958
mexp20000-8000,1,21845,8000,20000,1471615,0.315213
mexp20000-8000,2,10922,8000,20000,1471615,0.333253
mexp20000-8000,3,7281,8000,20000,1471615,0.493436
mexp20000-8000,4,5461,8000,20000,1471615,0.600045
mexp20000-8000,5,4369,8000,20000,1471615,0.604265
mexp20000-8000,6,3640,8000,20000,1471615,0.671669
mexp20000-8000,7,3120,8000,20000,1471615,0.383249
mexp20000-8000,8,2730,8000,20000,1471615,0.680377
mexp20000-8000,9,2427,8000,20000,1471615,0.687744
mexp20000-8000,10,2184,8000,20000,1471615,0.768338
mexp20000-8000,11,1985,8000,20000,1471615,1.141618
mexp20000-8000,12,1820,8000,20000,1471615,1.220091
mexp20000-8000,13,1680,8000,20000,1471615,1.252848
mexp20000-8000,14,1560,8000,20000,1471615,1.150993
mexp20000-8000,15,1456,8000,20000,1471615,1.268343
mexp20000-8000,16,1365,8000,20000,1471615,1.363130
mexp20000-16000,0,0,16000,20000,2094540,0.540835
mexp20000-16000,1,21845,16000,20000,2094540,0.626085
mexp20000-16000,2,10922,16000,20000,2094540,0.897107
mexp20000-16000,3,7281,16000,20000,2094540,1.028335
mexp20000-16000,4,5461,16000,20000,2094540,0.547575
mexp20000-16000,5,4369,16000,20000,2094540,1.188991
mexp20000-16000,6,3640,16000,20000,2094540,0.714451
mexp20000-16000,7,3120,16000,20000,2094540,0.712505
mexp20000-16000,8,2730,16000,20000,2094540,1.366630
mexp20000-16000,9,2427,16000,20000,2094540,1.410454
mexp20000-16000,10,2184,16000,20000,2094540,1.551555
mexp20000-16000,11,1985,16000,20000,2094540,2.126995
mexp20000-16000,12,1820,16000,20000,2094540,2.168910
mexp20000-16000,13,1680,16000,20000,2094540,0.703256
mexp20000-16000,14,1560,16000,20000,2094540,2.732700
mexp20000-16000,15,1456,16000,20000,2094540,2.645740
mexp20000-16000,16,1365,16000,20000,2094540,2.721463
mexp20000-32000,0,0,32000,20000,2903440,1.082281
mexp20000-32000,1,21845,32000,20000,2903440,1.254458
mexp20000-32000,2,10922,32000,20000,2903440,1.765876
mexp20000-32000,3,7281,32000,20000,2903440,2.043554
mexp20000-32000,4,5461,32000,20000,2903440,2.277208
mexp20000-32000,5,4369,32000,20000,2903440,2.064277
mexp20000-32000,6,3640,32000,20000,2903440,2.114823
mexp20000-32000,7,3120,32000,20000,2903440,2.589669
mexp20000-32000,8,2730,32000,20000,2903440,2.580244
mexp20000-32000,9,2427,32000,20000,2903440,1.543348
mexp20000-32000,10,2184,32000,20000,2903440,1.375244
mexp20000-32000,11,1985,32000,20000,2903440,3.458983
mexp20000-32000,12,1820,32000,20000,2903440,5.161866
mexp20000-32000,13,1680,32000,20000,2903440,4.747910
mexp20000-32000,14,1560,32000,20000,2903440,5.016027
mexp20000-32000,15,1456,32000,20000,2903440,5.012349
mexp20000-32000,16,1365,32000,20000,2903440,5.588013
mexp20000-64000,0,0,64000,20000,4049760,2.147637
mexp20000-64000,1,21845,64000,20000,4049760,2.451501
mexp20000-64000,2,10922,64000,20000,4049760,3.223961
