INFO-PC
Modo(s) operacional da CPU:32-bit, 64-bit
CPU(s):                16
On-line CPU(s) list:   0-15
Família da CPU:       6
Model name:            Intel(R) Xeon(R) CPU           E5620  @ 2.40GHz
CPU MHz:               1599.433
CPU max MHz:           2401,0000
CPU min MHz:           1600,0000
NUMA node0 CPU(s):     0-3,8-11
NUMA node1 CPU(s):     4-7,12-15
Thread(s) per núcleo  2
cache de L1d:          32K
cache de L1i:          32K
cache de L2:           256K
cache de L3:           12288K
              total        used        free      shared  buff/cache   available
Mem:          72476         847       64342          17        7286       70822
Swap:             0           0           0
----------------------------------------------------------------
file,N_THREADS,CHUNK_SIZE,n_obj,max_weight,max_value,time
mexp10000-1000,0,0,1000,10000,226065,0.020590
mexp10000-1000,8,131072,1000,10000,226065,0.030335
mexp10000-1000,9,116508,1000,10000,226065,0.030653
mexp10000-1000,10,104857,1000,10000,226065,0.030854
mexp10000-1000,11,95325,1000,10000,226065,0.035045
mexp10000-1000,12,87381,1000,10000,226065,0.030410
mexp10000-1000,13,80659,1000,10000,226065,0.030472
mexp10000-1000,14,74898,1000,10000,226065,0.030714
mexp10000-1000,15,69905,1000,10000,226065,0.034582
mexp10000-1000,16,65536,1000,10000,226065,0.032479
mexp10000-2000,0,0,2000,10000,352495,0.034949
mexp10000-2000,8,131072,2000,10000,352495,0.054871
mexp10000-2000,9,116508,2000,10000,352495,0.059118
mexp10000-2000,10,104857,2000,10000,352495,0.066446
mexp10000-2000,11,95325,2000,10000,352495,0.065425
mexp10000-2000,12,87381,2000,10000,352495,0.062994
mexp10000-2000,13,80659,2000,10000,352495,0.062163
mexp10000-2000,14,74898,2000,10000,352495,0.073552
mexp10000-2000,15,69905,2000,10000,352495,0.068271
mexp10000-2000,16,65536,2000,10000,352495,0.058948
mexp10000-4000,0,0,4000,10000,511625,0.068377
mexp10000-4000,8,131072,4000,10000,511625,0.114147
mexp10000-4000,9,116508,4000,10000,511625,0.115138
mexp10000-4000,10,104857,4000,10000,511625,0.120515
mexp10000-4000,11,95325,4000,10000,511625,0.122396
mexp10000-4000,12,87381,4000,10000,511625,0.111117
mexp10000-4000,13,80659,4000,10000,511625,0.128853
mexp10000-4000,14,74898,4000,10000,511625,0.122388
mexp10000-4000,15,69905,4000,10000,511625,0.136751
mexp10000-4000,16,65536,4000,10000,511625,0.117678
mexp10000-8000,0,0,8000,10000,731100,0.135485
mexp10000-8000,8,131072,8000,10000,731100,0.224660
mexp10000-8000,9,116508,8000,10000,731100,0.250917
mexp10000-8000,10,104857,8000,10000,731100,0.239943
mexp10000-8000,11,95325,8000,10000,731100,0.240018
mexp10000-8000,12,87381,8000,10000,731100,0.223762
mexp10000-8000,13,80659,8000,10000,731100,0.234392
mexp10000-8000,14,74898,8000,10000,731100,0.226177
mexp10000-8000,15,69905,8000,10000,731100,0.227986
mexp10000-8000,16,65536,8000,10000,731100,0.228957
mexp10000-16000,0,0,16000,10000,1007580,0.268820
mexp10000-16000,8,131072,16000,10000,1007580,0.430861
mexp10000-16000,9,116508,16000,10000,1007580,0.448293
mexp10000-16000,10,104857,16000,10000,1007580,0.468914
mexp10000-16000,11,95325,16000,10000,1007580,0.480837
mexp10000-16000,12,87381,16000,10000,1007580,0.450835
mexp10000-16000,13,80659,16000,10000,1007580,0.452785
mexp10000-16000,14,74898,16000,10000,1007580,0.516029
mexp10000-16000,15,69905,16000,10000,1007580,0.460267
mexp10000-16000,16,65536,16000,10000,1007580,0.473143
mexp10000-32000,0,0,32000,10000,1392480,0.539167
mexp10000-32000,8,131072,32000,10000,1392480,0.866296
mexp10000-32000,9,116508,32000,10000,1392480,0.924200
mexp10000-32000,10,104857,32000,10000,1392480,0.946092
mexp10000-32000,11,95325,32000,10000,1392480,0.965140
mexp10000-32000,12,87381,32000,10000,1392480,1.004211
mexp10000-32000,13,80659,32000,10000,1392480,1.016449
mexp10000-32000,14,74898,32000,10000,1392480,0.899771
mexp10000-32000,15,69905,32000,10000,1392480,0.907181
mexp10000-32000,16,65536,32000,10000,1392480,0.917610
mexp10000-64000,0,0,64000,10000,1892965,1.072136
mexp10000-64000,8,131072,64000,10000,1892965,1.717591
mexp10000-64000,9,116508,64000,10000,1892965,1.820337
mexp10000-64000,10,104857,64000,10000,1892965,1.871528
mexp10000-64000,11,95325,64000,10000,1892965,1.939674
mexp10000-64000,12,87381,64000,10000,1892965,1.954338
mexp10000-64000,13,80659,64000,10000,1892965,2.018978
mexp10000-64000,14,74898,64000,10000,1892965,1.922923
mexp10000-64000,15,69905,64000,10000,1892965,1.947387
mexp10000-64000,16,65536,64000,10000,1892965,2.055963
mexp10000-128000,0,0,128000,10000,2770810,2.127142
mexp10000-128000,8,131072,128000,10000,2770810,3.598720
mexp10000-128000,9,116508,128000,10000,2770810,3.547685
mexp10000-128000,10,104857,128000,10000,2770810,3.653722
mexp10000-128000,11,95325,128000,10000,2770810,3.846743
mexp10000-128000,12,87381,128000,10000,2770810,3.922103
mexp10000-128000,13,80659,128000,10000,2770810,3.998623
mexp10000-128000,14,74898,128000,10000,2770810,3.922182
mexp10000-128000,15,69905,128000,10000,2770810,3.645944
mexp10000-128000,16,65536,128000,10000,2770810,3.722955
mexp10000-256000,0,0,256000,10000,3852525,4.052679
mexp10000-256000,8,131072,256000,10000,3852525,6.786310
mexp10000-256000,9,116508,256000,10000,3852525,7.297862
mexp10000-256000,10,104857,256000,10000,3852525,7.186452
mexp10000-256000,11,95325,256000,10000,3852525,7.465991
mexp10000-256000,12,87381,256000,10000,3852525,7.363074
mexp10000-256000,13,80659,256000,10000,3852525,7.909771
mexp10000-256000,14,74898,256000,10000,3852525,7.517036
mexp10000-256000,15,69905,256000,10000,3852525,7.322104
mexp10000-256000,16,65536,256000,10000,3852525,7.666599
mexp10000-512000,0,0,512000,10000,5291955,7.908752
mexp10000-512000,8,131072,512000,10000,5291955,13.505870
mexp10000-512000,9,116508,512000,10000,5291955,14.256670
mexp10000-512000,10,104857,512000,10000,5291955,14.913090
mexp10000-512000,11,95325,512000,10000,5291955,14.193571
mexp10000-512000,12,87381,512000,10000,5291955,15.390331
