N_THREADS,CHUNK_SIZE,n_obj,max_weight,max_value,time
0,0,30000,800000,109375995,59.467573
2,5632,30000,800000,109375995,58.718701
4,2816,30000,800000,109375995,60.585909
8,1408,30000,800000,109375995,61.579123
0,0,60000,800000,160265990,118.726785
2,5632,60000,800000,160265990,116.975085
4,2816,60000,800000,160265990,119.977761
8,1408,60000,800000,160265990,121.790277
0,0,120000,800000,228825765,236.485873
2,5632,120000,800000,228825765,233.162519
4,2816,120000,800000,228825765,240.998556
8,1408,120000,800000,228825765,244.792489
0,0,240000,800000,318797510,474.519906
2,5632,240000,800000,318797510,466.793408
4,2816,240000,800000,318797510,483.042122
8,1408,240000,800000,318797510,490.415205
