N_THREADS,CHUNK_SIZE,n_obj,max_weight,max_value,time
0,0,30000,400000,55438960,16.312989
2,5632,30000,400000,55438960,14.040498
4,2816,30000,400000,55438960,13.937493
8,1408,30000,400000,55438960,15.359779
0,0,60000,400000,78412155,32.431462
2,5632,60000,400000,78412155,28.064904
4,2816,60000,400000,78412155,27.611818
8,1408,60000,400000,78412155,30.091775
0,0,120000,400000,114232810,63.368221
2,5632,120000,400000,114232810,57.022990
4,2816,120000,400000,114232810,53.108724
8,1408,120000,400000,114232810,58.840752
0,0,240000,400000,162945070,129.893147
2,5632,240000,400000,162945070,114.503137
4,2816,240000,400000,162945070,111.412824
8,1408,240000,400000,162945070,121.739440
