N_THREADS,CHUNK_SIZE,n_obj,max_weight,max_value,time
0,0,30000,400000,55438960,15.998374
2,5632,30000,400000,55438960,13.569683
4,2816,30000,400000,55438960,13.350245
8,1408,30000,400000,55438960,14.189960
0,0,60000,400000,78412155,30.700492
2,5632,60000,400000,78412155,26.336401
4,2816,60000,400000,78412155,26.582530
8,1408,60000,400000,78412155,28.674904
0,0,120000,400000,114232810,63.197530
2,5632,120000,400000,114232810,53.642522
4,2816,120000,400000,114232810,52.795938
8,1408,120000,400000,114232810,58.005875
0,0,240000,400000,162945070,125.322001
2,5632,240000,400000,162945070,110.219812
4,2816,240000,400000,162945070,106.658351
8,1408,240000,400000,162945070,111.309412
