N_THREADS,CHUNK_SIZE,n_obj,max_weight,max_value,time
0,0,30000,800000,109375995,49.727052
2,5632,30000,800000,109375995,48.606547
4,2816,30000,800000,109375995,50.223656
8,1408,30000,800000,109375995,50.801028
0,0,60000,800000,160265990,99.251287
2,5632,60000,800000,160265990,96.250082
4,2816,60000,800000,160265990,98.945781
8,1408,60000,800000,160265990,101.311475
0,0,120000,800000,228825765,201.816427
2,5632,120000,800000,228825765,193.668618
4,2816,120000,800000,228825765,201.662618
8,1408,120000,800000,228825765,204.219239
0,0,240000,800000,318797510,408.230059
2,5632,240000,800000,318797510,382.494833
4,2816,240000,800000,318797510,402.034122
8,1408,240000,800000,318797510,406.042876
