N_THREADS,CHUNK_SIZE,n_obj,max_weight,max_value,time
0,0,30000,100000,13797190,2.239075
2,5632,30000,100000,13797190,1.383224
4,2816,30000,100000,13797190,0.814949
8,1408,30000,100000,13797190,1.190357
0,0,60000,100000,19895245,4.521215
2,5632,60000,100000,19895245,2.775097
4,2816,60000,100000,19895245,1.632037
8,1408,60000,100000,19895245,2.385657
0,0,120000,100000,28233900,9.008103
2,5632,120000,100000,28233900,5.555906
4,2816,120000,100000,28233900,3.260679
8,1408,120000,100000,28233900,4.758857
0,0,240000,100000,40854065,17.995320
2,5632,240000,100000,40854065,10.921655
4,2816,240000,100000,40854065,6.505708
8,1408,240000,100000,40854065,9.509437
