N_THREADS,CHUNK_SIZE,n_obj,max_weight,max_value,time
0,0,30000,100000,13797190,2.237864
2,5632,30000,100000,13797190,1.374582
4,2816,30000,100000,13797190,0.815147
8,1408,30000,100000,13797190,1.197316
0,0,60000,100000,19895245,4.486921
2,5632,60000,100000,19895245,2.752923
4,2816,60000,100000,19895245,1.626491
8,1408,60000,100000,19895245,2.389228
0,0,120000,100000,28233900,8.965143
2,5632,120000,100000,28233900,5.542930
4,2816,120000,100000,28233900,3.255198
8,1408,120000,100000,28233900,4.774493
0,0,240000,100000,40854065,17.974995
2,5632,240000,100000,40854065,10.995828
4,2816,240000,100000,40854065,6.498343
8,1408,240000,100000,40854065,9.537797
