N_THREADS,CHUNK_SIZE,n_obj,max_weight,max_value,time
0,0,30000,100000,13797190,2.269771
2,5632,30000,100000,13797190,1.375729
4,2816,30000,100000,13797190,0.814980
8,1408,30000,100000,13797190,1.189404
0,0,60000,100000,19895245,4.480473
2,5632,60000,100000,19895245,2.729861
4,2816,60000,100000,19895245,1.626998
8,1408,60000,100000,19895245,2.384848
0,0,120000,100000,28233900,8.993534
2,5632,120000,100000,28233900,5.505590
4,2816,120000,100000,28233900,3.262495
8,1408,120000,100000,28233900,4.771216
0,0,240000,100000,40854065,18.011168
2,5632,240000,100000,40854065,10.936820
4,2816,240000,100000,40854065,6.507140
8,1408,240000,100000,40854065,9.542923
