N_THREADS,CHUNK_SIZE,n_obj,max_weight,max_value,time
0,0,30000,800000,109375995,58.921759
2,5632,30000,800000,109375995,58.373153
4,2816,30000,800000,109375995,60.158069
8,1408,30000,800000,109375995,61.139406
0,0,60000,800000,160265990,117.515818
2,5632,60000,800000,160265990,115.980088
4,2816,60000,800000,160265990,119.902292
8,1408,60000,800000,160265990,122.070793
0,0,120000,800000,228825765,236.070542
2,5632,120000,800000,228825765,232.573997
4,2816,120000,800000,228825765,240.395162
8,1408,120000,800000,228825765,243.829506
0,0,240000,800000,318797510,472.944233
2,5632,240000,800000,318797510,467.974081
4,2816,240000,800000,318797510,484.364173
8,1408,240000,800000,318797510,491.377980
