N_THREADS,CHUNK_SIZE,n_obj,max_weight,max_value,time
0,0,30000,800000,109375995,59.936047
2,5632,30000,800000,109375995,58.979983
4,2816,30000,800000,109375995,60.970038
8,1408,30000,800000,109375995,61.758879
0,0,60000,800000,160265990,118.748760
2,5632,60000,800000,160265990,117.912420
4,2816,60000,800000,160265990,121.839068
8,1408,60000,800000,160265990,122.549181
0,0,120000,800000,228825765,238.897865
2,5632,120000,800000,228825765,236.514519
4,2816,120000,800000,228825765,244.232635
8,1408,120000,800000,228825765,248.679392
0,0,240000,800000,318797510,483.837301
2,5632,240000,800000,318797510,480.071527
4,2816,240000,800000,318797510,492.618053
8,1408,240000,800000,318797510,498.245918
