N_THREADS,CHUNK_SIZE,n_obj,max_weight,max_value,time
0,0,30000,400000,55438960,15.914062
2,5632,30000,400000,55438960,13.448168
4,2816,30000,400000,55438960,13.228028
8,1408,30000,400000,55438960,14.113919
0,0,60000,400000,78412155,31.444211
2,5632,60000,400000,78412155,26.604409
4,2816,60000,400000,78412155,25.627289
8,1408,60000,400000,78412155,28.440625
0,0,120000,400000,114232810,64.211011
2,5632,120000,400000,114232810,54.453601
4,2816,120000,400000,114232810,51.281011
8,1408,120000,400000,114232810,58.622726
0,0,240000,400000,162945070,123.489601
2,5632,240000,400000,162945070,107.673614
4,2816,240000,400000,162945070,100.484802
8,1408,240000,400000,162945070,110.616008
