N_THREADS,CHUNK_SIZE,n_obj,max_weight,max_value,time
0,0,30000,400000,55438960,15.283184
2,5632,30000,400000,55438960,13.289162
4,2816,30000,400000,55438960,12.689029
8,1408,30000,400000,55438960,14.014050
0,0,60000,400000,78412155,30.822099
2,5632,60000,400000,78412155,25.572905
4,2816,60000,400000,78412155,24.006731
8,1408,60000,400000,78412155,26.900091
0,0,120000,400000,114232810,63.132601
2,5632,120000,400000,114232810,52.802229
4,2816,120000,400000,114232810,50.707693
8,1408,120000,400000,114232810,57.777815
0,0,240000,400000,162945070,123.630888
2,5632,240000,400000,162945070,106.661217
4,2816,240000,400000,162945070,104.561577
8,1408,240000,400000,162945070,114.295564
