N_THREADS,CHUNK_SIZE,n_obj,max_weight,max_value,time
0,0,30000,200000,27690730,4.693271
2,5632,30000,200000,27690730,2.932157
4,2816,30000,200000,27690730,1.675921
8,1408,30000,200000,27690730,2.187111
0,0,60000,200000,40341935,9.267620
2,5632,60000,200000,40341935,5.631663
4,2816,60000,200000,40341935,3.175535
8,1408,60000,200000,40341935,4.164736
0,0,120000,200000,57049775,18.561926
2,5632,120000,200000,57049775,11.176529
4,2816,120000,200000,57049775,6.587304
8,1408,120000,200000,57049775,8.107551
0,0,240000,200000,79121055,37.335049
2,5632,240000,200000,79121055,22.296820
4,2816,240000,200000,79121055,13.042845
8,1408,240000,200000,79121055,16.390822
