N_THREADS,CHUNK_SIZE,n_obj,max_weight,max_value,time
0,0,30000,200000,27690730,4.826698
2,5632,30000,200000,27690730,2.880142
4,2816,30000,200000,27690730,1.679248
8,1408,30000,200000,27690730,2.069797
0,0,60000,200000,40341935,9.618264
2,5632,60000,200000,40341935,5.673990
4,2816,60000,200000,40341935,3.178650
8,1408,60000,200000,40341935,4.028113
0,0,120000,200000,57049775,18.519167
2,5632,120000,200000,57049775,11.207154
4,2816,120000,200000,57049775,6.581587
8,1408,120000,200000,57049775,8.166591
0,0,240000,200000,79121055,36.872771
2,5632,240000,200000,79121055,22.807009
4,2816,240000,200000,79121055,12.757376
8,1408,240000,200000,79121055,16.554163
