N_THREADS,CHUNK_SIZE,n_obj,max_weight,max_value,time
0,0,30000,200000,27690730,4.823250
2,5632,30000,200000,27690730,2.866429
4,2816,30000,200000,27690730,1.655832
8,1408,30000,200000,27690730,2.038052
0,0,60000,200000,40341935,9.138278
2,5632,60000,200000,40341935,5.664021
4,2816,60000,200000,40341935,3.261606
8,1408,60000,200000,40341935,4.138382
0,0,120000,200000,57049775,18.600239
2,5632,120000,200000,57049775,11.364879
4,2816,120000,200000,57049775,6.367134
8,1408,120000,200000,57049775,8.084280
0,0,240000,200000,79121055,37.682116
2,5632,240000,200000,79121055,22.578607
4,2816,240000,200000,79121055,12.804097
8,1408,240000,200000,79121055,16.502737
