N_THREADS,CHUNK_SIZE,n_obj,max_weight,max_value,time
0,0,30000,400000,55438960,15.872398
2,5632,30000,400000,55438960,12.734747
4,2816,30000,400000,55438960,13.136204
8,1408,30000,400000,55438960,14.135789
0,0,60000,400000,78412155,32.465604
2,5632,60000,400000,78412155,27.708611
4,2816,60000,400000,78412155,25.771608
8,1408,60000,400000,78412155,28.916166
0,0,120000,400000,114232810,63.918300
2,5632,120000,400000,114232810,53.189120
4,2816,120000,400000,114232810,52.505910
8,1408,120000,400000,114232810,59.236073
0,0,240000,400000,162945070,127.365529
2,5632,240000,400000,162945070,113.000320
4,2816,240000,400000,162945070,112.851789
8,1408,240000,400000,162945070,122.211661
