N_THREADS,CHUNK_SIZE,n_obj,max_weight,max_value,time
0,0,30000,400000,55438960,15.149886
2,5632,30000,400000,55438960,12.860635
4,2816,30000,400000,55438960,12.714931
8,1408,30000,400000,55438960,13.623377
0,0,60000,400000,78412155,30.580110
2,5632,60000,400000,78412155,25.421714
4,2816,60000,400000,78412155,24.108645
8,1408,60000,400000,78412155,28.171660
0,0,120000,400000,114232810,63.773554
2,5632,120000,400000,114232810,56.090216
4,2816,120000,400000,114232810,50.900147
8,1408,120000,400000,114232810,55.287171
0,0,240000,400000,162945070,117.100274
2,5632,240000,400000,162945070,103.956942
4,2816,240000,400000,162945070,109.790739
8,1408,240000,400000,162945070,103.456649
