N_THREADS,CHUNK_SIZE,n_obj,max_weight,max_value,time
0,0,30000,200000,27690730,4.678243
2,5632,30000,200000,27690730,2.845294
4,2816,30000,200000,27690730,1.590848
8,1408,30000,200000,27690730,2.059139
0,0,60000,200000,40341935,9.299677
2,5632,60000,200000,40341935,5.678143
4,2816,60000,200000,40341935,3.300162
8,1408,60000,200000,40341935,4.173150
0,0,120000,200000,57049775,18.592348
2,5632,120000,200000,57049775,11.428460
4,2816,120000,200000,57049775,6.506302
8,1408,120000,200000,57049775,8.086480
0,0,240000,200000,79121055,36.811347
2,5632,240000,200000,79121055,22.792687
4,2816,240000,200000,79121055,13.146300
8,1408,240000,200000,79121055,17.242409
