N_THREADS,CHUNK_SIZE,n_obj,max_weight,max_value,time
0,0,30000,800000,109375995,59.469677
2,5632,30000,800000,109375995,58.887530
4,2816,30000,800000,109375995,60.915887
8,1408,30000,800000,109375995,61.551098
0,0,60000,800000,160265990,119.658301
2,5632,60000,800000,160265990,118.229635
4,2816,60000,800000,160265990,121.893740
8,1408,60000,800000,160265990,123.432482
0,0,120000,800000,228825765,239.850013
2,5632,120000,800000,228825765,237.868087
4,2816,120000,800000,228825765,245.822463
8,1408,120000,800000,228825765,248.216446
0,0,240000,800000,318797510,483.824963
2,5632,240000,800000,318797510,479.998536
4,2816,240000,800000,318797510,490.249620
8,1408,240000,800000,318797510,502.587692
