N_THREADS,CHUNK_SIZE,n_obj,max_weight,max_value,time
0,0,30000,200000,27690730,4.662765
2,5632,30000,200000,27690730,2.877919
4,2816,30000,200000,27690730,1.606891
8,1408,30000,200000,27690730,2.045917
0,0,60000,200000,40341935,9.360331
2,5632,60000,200000,40341935,5.902982
4,2816,60000,200000,40341935,3.249829
8,1408,60000,200000,40341935,4.169954
0,0,120000,200000,57049775,18.971832
2,5632,120000,200000,57049775,11.651247
4,2816,120000,200000,57049775,6.376664
8,1408,120000,200000,57049775,7.984222
0,0,240000,200000,79121055,37.653320
2,5632,240000,200000,79121055,22.890190
4,2816,240000,200000,79121055,12.624685
8,1408,240000,200000,79121055,15.961890
