N_THREADS,CHUNK_SIZE,n_obj,max_weight,max_value,time
0,0,30000,800000,109375995,59.590389
2,5632,30000,800000,109375995,59.013994
4,2816,30000,800000,109375995,60.881507
8,1408,30000,800000,109375995,62.031732
0,0,60000,800000,160265990,120.001153
2,5632,60000,800000,160265990,118.494487
4,2816,60000,800000,160265990,121.664709
8,1408,60000,800000,160265990,122.979269
0,0,120000,800000,228825765,238.862197
2,5632,120000,800000,228825765,237.492462
4,2816,120000,800000,228825765,243.318592
8,1408,120000,800000,228825765,247.602623
0,0,240000,800000,318797510,482.456711
2,5632,240000,800000,318797510,476.648374
4,2816,240000,800000,318797510,489.610935
8,1408,240000,800000,318797510,500.327972
