N_THREADS,CHUNK_SIZE,n_obj,max_weight,max_value,time
0,0,30000,200000,27690730,4.666174
2,5632,30000,200000,27690730,2.799203
4,2816,30000,200000,27690730,1.626710
8,1408,30000,200000,27690730,2.069477
0,0,60000,200000,40341935,9.287210
2,5632,60000,200000,40341935,5.584817
4,2816,60000,200000,40341935,3.170121
8,1408,60000,200000,40341935,4.096152
0,0,120000,200000,57049775,18.350304
2,5632,120000,200000,57049775,11.314692
4,2816,120000,200000,57049775,6.387947
8,1408,120000,200000,57049775,8.007898
0,0,240000,200000,79121055,36.592551
2,5632,240000,200000,79121055,22.741222
4,2816,240000,200000,79121055,12.696018
8,1408,240000,200000,79121055,16.300405
