N_THREADS,CHUNK_SIZE,n_obj,max_weight,max_value,time
0,0,30000,400000,55438960,15.487718
2,5632,30000,400000,55438960,12.669132
4,2816,30000,400000,55438960,12.974058
8,1408,30000,400000,55438960,14.565721
0,0,60000,400000,78412155,31.686548
2,5632,60000,400000,78412155,27.173859
4,2816,60000,400000,78412155,24.755331
8,1408,60000,400000,78412155,27.812769
0,0,120000,400000,114232810,61.138431
2,5632,120000,400000,114232810,55.249464
4,2816,120000,400000,114232810,50.748187
8,1408,120000,400000,114232810,58.128510
0,0,240000,400000,162945070,125.463036
2,5632,240000,400000,162945070,104.994837
4,2816,240000,400000,162945070,99.642486
8,1408,240000,400000,162945070,109.351005
