N_THREADS,CHUNK_SIZE,n_obj,max_weight,max_value,time
0,0,30000,100000,13797190,2.274449
2,5632,30000,100000,13797190,1.374662
4,2816,30000,100000,13797190,0.815412
8,1408,30000,100000,13797190,1.192226
0,0,60000,100000,19895245,4.573253
2,5632,60000,100000,19895245,2.752494
4,2816,60000,100000,19895245,1.635118
8,1408,60000,100000,19895245,2.406717
0,0,120000,100000,28233900,9.171996
2,5632,120000,100000,28233900,5.505718
4,2816,120000,100000,28233900,3.276141
8,1408,120000,100000,28233900,4.765322
0,0,240000,100000,40854065,17.934593
2,5632,240000,100000,40854065,11.070860
4,2816,240000,100000,40854065,6.510627
8,1408,240000,100000,40854065,9.552851
