N_THREADS,CHUNK_SIZE,n_obj,max_weight,max_value,time
0,0,30000,100000,13797190,2.271253
2,5632,30000,100000,13797190,1.375790
4,2816,30000,100000,13797190,0.813915
8,1408,30000,100000,13797190,1.189606
0,0,60000,100000,19895245,4.486903
2,5632,60000,100000,19895245,2.750761
4,2816,60000,100000,19895245,1.627302
8,1408,60000,100000,19895245,2.384497
0,0,120000,100000,28233900,8.953139
2,5632,120000,100000,28233900,5.543908
4,2816,120000,100000,28233900,3.259666
8,1408,120000,100000,28233900,4.774777
0,0,240000,100000,40854065,17.953408
2,5632,240000,100000,40854065,10.991621
4,2816,240000,100000,40854065,6.508242
8,1408,240000,100000,40854065,9.546151
