N_THREADS,CHUNK_SIZE,n_obj,max_weight,max_value,time
0,0,30000,200000,27690730,4.595545
2,5632,30000,200000,27690730,2.825688
4,2816,30000,200000,27690730,1.600337
8,1408,30000,200000,27690730,2.007891
0,0,60000,200000,40341935,9.151353
2,5632,60000,200000,40341935,5.644738
4,2816,60000,200000,40341935,3.162440
8,1408,60000,200000,40341935,4.116200
0,0,120000,200000,57049775,18.508019
2,5632,120000,200000,57049775,11.378124
4,2816,120000,200000,57049775,6.465003
8,1408,120000,200000,57049775,7.958888
0,0,240000,200000,79121055,37.260931
2,5632,240000,200000,79121055,22.647059
4,2816,240000,200000,79121055,12.639802
8,1408,240000,200000,79121055,16.054568
