N_THREADS,CHUNK_SIZE,n_obj,max_weight,max_value,time
0,0,30000,100000,13797190,2.275325
2,5632,30000,100000,13797190,1.375392
4,2816,30000,100000,13797190,0.813625
8,1408,30000,100000,13797190,1.193857
0,0,60000,100000,19895245,4.496617
2,5632,60000,100000,19895245,2.736427
4,2816,60000,100000,19895245,1.626744
8,1408,60000,100000,19895245,2.381404
0,0,120000,100000,28233900,8.935571
2,5632,120000,100000,28233900,5.503832
4,2816,120000,100000,28233900,3.258855
8,1408,120000,100000,28233900,4.772116
0,0,240000,100000,40854065,17.852440
2,5632,240000,100000,40854065,10.991459
4,2816,240000,100000,40854065,6.511303
8,1408,240000,100000,40854065,9.514089
