N_THREADS,CHUNK_SIZE,n_obj,max_weight,max_value,time
0,0,30000,200000,27690730,4.627063
2,5632,30000,200000,27690730,2.824120
4,2816,30000,200000,27690730,1.612665
8,1408,30000,200000,27690730,2.064579
0,0,60000,200000,40341935,9.362050
2,5632,60000,200000,40341935,5.648214
4,2816,60000,200000,40341935,3.182901
8,1408,60000,200000,40341935,4.092391
0,0,120000,200000,57049775,18.308670
2,5632,120000,200000,57049775,11.280831
4,2816,120000,200000,57049775,6.376440
8,1408,120000,200000,57049775,8.379515
0,0,240000,200000,79121055,36.408075
2,5632,240000,200000,79121055,23.000302
4,2816,240000,200000,79121055,12.743129
8,1408,240000,200000,79121055,16.364884
