N_THREADS,CHUNK_SIZE,n_obj,max_weight,max_value,time
0,0,30000,100000,13797190,2.246009
2,5632,30000,100000,13797190,1.384195
4,2816,30000,100000,13797190,0.815178
8,1408,30000,100000,13797190,1.195310
0,0,60000,100000,19895245,4.523865
2,5632,60000,100000,19895245,2.751110
4,2816,60000,100000,19895245,1.631235
8,1408,60000,100000,19895245,2.381986
0,0,120000,100000,28233900,8.989080
2,5632,120000,100000,28233900,5.505845
4,2816,120000,100000,28233900,3.270655
8,1408,120000,100000,28233900,4.775169
0,0,240000,100000,40854065,17.883751
2,5632,240000,100000,40854065,11.012035
4,2816,240000,100000,40854065,6.507882
8,1408,240000,100000,40854065,9.514847
