N_THREADS,CHUNK_SIZE,n_obj,max_weight,max_value,time
0,0,30000,100000,13797190,2.241299
2,5632,30000,100000,13797190,1.383403
4,2816,30000,100000,13797190,0.814551
8,1408,30000,100000,13797190,1.191438
0,0,60000,100000,19895245,4.520865
2,5632,60000,100000,19895245,2.770666
4,2816,60000,100000,19895245,1.627112
8,1408,60000,100000,19895245,2.386431
0,0,120000,100000,28233900,9.016493
2,5632,120000,100000,28233900,5.501377
4,2816,120000,100000,28233900,3.260899
8,1408,120000,100000,28233900,4.766595
0,0,240000,100000,40854065,17.835688
2,5632,240000,100000,40854065,11.071319
4,2816,240000,100000,40854065,6.510302
8,1408,240000,100000,40854065,9.520811
