N_THREADS,CHUNK_SIZE,n_obj,max_weight,max_value,time
0,0,30000,400000,55438960,14.073666
2,5632,30000,400000,55438960,11.217816
4,2816,30000,400000,55438960,10.245032
8,1408,30000,400000,55438960,12.304005
0,0,60000,400000,78412155,27.417905
2,5632,60000,400000,78412155,22.298884
4,2816,60000,400000,78412155,20.827269
8,1408,60000,400000,78412155,22.567002
0,0,120000,400000,114232810,54.851235
2,5632,120000,400000,114232810,41.872922
4,2816,120000,400000,114232810,39.955321
8,1408,120000,400000,114232810,43.576902
0,0,240000,400000,162945070,108.210640
2,5632,240000,400000,162945070,83.831939
4,2816,240000,400000,162945070,85.222045
8,1408,240000,400000,162945070,89.517953
