N_THREADS,CHUNK_SIZE,n_obj,max_weight,max_value,time
0,0,30000,100000,13797190,2.242427
2,5632,30000,100000,13797190,1.373627
4,2816,30000,100000,13797190,0.813697
8,1408,30000,100000,13797190,1.199177
0,0,60000,100000,19895245,4.563862
2,5632,60000,100000,19895245,2.739426
4,2816,60000,100000,19895245,1.625853
8,1408,60000,100000,19895245,2.381285
0,0,120000,100000,28233900,8.985772
2,5632,120000,100000,28233900,5.472295
4,2816,120000,100000,28233900,3.256421
8,1408,120000,100000,28233900,4.764637
0,0,240000,100000,40854065,17.964136
2,5632,240000,100000,40854065,11.026094
4,2816,240000,100000,40854065,6.524125
8,1408,240000,100000,40854065,9.517950
