N_THREADS,CHUNK_SIZE,n_obj,max_weight,max_value,time
0,0,30000,800000,109375995,59.433786
2,5632,30000,800000,109375995,58.326539
4,2816,30000,800000,109375995,60.126509
8,1408,30000,800000,109375995,61.052608
0,0,60000,800000,160265990,118.055677
2,5632,60000,800000,160265990,116.271598
4,2816,60000,800000,160265990,120.090705
8,1408,60000,800000,160265990,122.250318
0,0,120000,800000,228825765,234.710419
2,5632,120000,800000,228825765,232.443548
4,2816,120000,800000,228825765,240.932975
8,1408,120000,800000,228825765,244.813431
0,0,240000,800000,318797510,472.936876
2,5632,240000,800000,318797510,466.160096
4,2816,240000,800000,318797510,478.852877
8,1408,240000,800000,318797510,489.055135
