N_THREADS,CHUNK_SIZE,n_obj,max_weight,max_value,time
0,0,30000,400000,55438960,15.317203
2,5632,30000,400000,55438960,13.011389
4,2816,30000,400000,55438960,12.519229
8,1408,30000,400000,55438960,14.477707
0,0,60000,400000,78412155,32.427077
2,5632,60000,400000,78412155,26.577324
4,2816,60000,400000,78412155,26.509691
8,1408,60000,400000,78412155,29.555405
0,0,120000,400000,114232810,62.602709
2,5632,120000,400000,114232810,52.904921
4,2816,120000,400000,114232810,58.426257
8,1408,120000,400000,114232810,58.988669
0,0,240000,400000,162945070,129.610741
2,5632,240000,400000,162945070,106.186952
4,2816,240000,400000,162945070,101.980680
8,1408,240000,400000,162945070,117.931133
