N_THREADS,CHUNK_SIZE,n_obj,max_weight,max_value,time
0,0,30000,400000,55438960,13.636804
2,5632,30000,400000,55438960,10.670097
4,2816,30000,400000,55438960,10.013567
8,1408,30000,400000,55438960,11.236574
0,0,60000,400000,78412155,27.368222
2,5632,60000,400000,78412155,22.375097
4,2816,60000,400000,78412155,20.499379
8,1408,60000,400000,78412155,23.554191
0,0,120000,400000,114232810,55.811995
2,5632,120000,400000,114232810,43.310043
4,2816,120000,400000,114232810,42.891833
8,1408,120000,400000,114232810,46.728367
0,0,240000,400000,162945070,113.979397
2,5632,240000,400000,162945070,90.520039
4,2816,240000,400000,162945070,85.148798
8,1408,240000,400000,162945070,93.379450
