N_THREADS,CHUNK_SIZE,n_obj,max_weight,max_value,time
0,0,30000,400000,55438960,15.852972
2,5632,30000,400000,55438960,13.440856
4,2816,30000,400000,55438960,13.112693
8,1408,30000,400000,55438960,14.182797
0,0,60000,400000,78412155,30.968273
2,5632,60000,400000,78412155,27.145082
4,2816,60000,400000,78412155,25.727409
8,1408,60000,400000,78412155,28.042350
0,0,120000,400000,114232810,62.762577
2,5632,120000,400000,114232810,53.311335
4,2816,120000,400000,114232810,51.838984
8,1408,120000,400000,114232810,58.162595
0,0,240000,400000,162945070,127.812860
2,5632,240000,400000,162945070,107.679173
4,2816,240000,400000,162945070,103.753347
8,1408,240000,400000,162945070,117.428709
