N_THREADS,CHUNK_SIZE,n_obj,max_weight,max_value,time
0,0,30000,200000,27690730,4.571696
2,5632,30000,200000,27690730,2.811060
4,2816,30000,200000,27690730,1.578441
8,1408,30000,200000,27690730,1.994730
0,0,60000,200000,40341935,9.213580
2,5632,60000,200000,40341935,5.675522
4,2816,60000,200000,40341935,3.150279
8,1408,60000,200000,40341935,4.109802
0,0,120000,200000,57049775,18.362997
2,5632,120000,200000,57049775,11.358064
4,2816,120000,200000,57049775,6.297145
8,1408,120000,200000,57049775,8.254495
0,0,240000,200000,79121055,36.115393
2,5632,240000,200000,79121055,22.696416
4,2816,240000,200000,79121055,12.585589
8,1408,240000,200000,79121055,15.789885
