N_THREADS,CHUNK_SIZE,n_obj,max_weight,max_value,time
0,0,30000,800000,109375995,59.411275
2,5632,30000,800000,109375995,58.684799
4,2816,30000,800000,109375995,60.523311
8,1408,30000,800000,109375995,61.479826
0,0,60000,800000,160265990,118.481696
2,5632,60000,800000,160265990,116.767164
4,2816,60000,800000,160265990,120.440592
8,1408,60000,800000,160265990,122.157783
0,0,120000,800000,228825765,236.442302
2,5632,120000,800000,228825765,233.409261
4,2816,120000,800000,228825765,242.024970
8,1408,120000,800000,228825765,245.143608
0,0,240000,800000,318797510,476.243606
2,5632,240000,800000,318797510,467.208877
4,2816,240000,800000,318797510,486.675619
8,1408,240000,800000,318797510,491.678219
