N_THREADS,CHUNK_SIZE,n_obj,max_weight,max_value,time
0,0,30000,200000,27690730,4.591949
2,5632,30000,200000,27690730,2.821064
4,2816,30000,200000,27690730,1.593536
8,1408,30000,200000,27690730,2.049711
0,0,60000,200000,40341935,9.259204
2,5632,60000,200000,40341935,5.719793
4,2816,60000,200000,40341935,3.177952
8,1408,60000,200000,40341935,4.154868
0,0,120000,200000,57049775,18.694719
2,5632,120000,200000,57049775,11.679293
4,2816,120000,200000,57049775,6.464934
8,1408,120000,200000,57049775,8.343895
0,0,240000,200000,79121055,36.224256
2,5632,240000,200000,79121055,22.778240
4,2816,240000,200000,79121055,12.674858
8,1408,240000,200000,79121055,16.993746
