N_THREADS,CHUNK_SIZE,n_obj,max_weight,max_value,time
0,0,30000,100000,13797190,2.274843
2,5632,30000,100000,13797190,1.383319
4,2816,30000,100000,13797190,0.814867
8,1408,30000,100000,13797190,1.193373
0,0,60000,100000,19895245,4.496555
2,5632,60000,100000,19895245,2.750324
4,2816,60000,100000,19895245,1.625231
8,1408,60000,100000,19895245,2.382659
0,0,120000,100000,28233900,8.940403
2,5632,120000,100000,28233900,5.548260
4,2816,120000,100000,28233900,3.258596
8,1408,120000,100000,28233900,4.766481
0,0,240000,100000,40854065,17.876900
2,5632,240000,100000,40854065,11.024404
4,2816,240000,100000,40854065,6.513991
8,1408,240000,100000,40854065,9.541652
