N_THREADS,CHUNK_SIZE,n_obj,max_weight,max_value,time
0,0,30000,400000,55438960,16.272476
2,5632,30000,400000,55438960,13.705428
4,2816,30000,400000,55438960,13.630193
8,1408,30000,400000,55438960,15.128844
0,0,60000,400000,78412155,32.289604
2,5632,60000,400000,78412155,26.904651
4,2816,60000,400000,78412155,26.139904
8,1408,60000,400000,78412155,29.755352
0,0,120000,400000,114232810,64.788021
2,5632,120000,400000,114232810,53.823533
4,2816,120000,400000,114232810,50.807047
8,1408,120000,400000,114232810,54.548133
0,0,240000,400000,162945070,121.996234
2,5632,240000,400000,162945070,106.329413
4,2816,240000,400000,162945070,101.142725
8,1408,240000,400000,162945070,116.211397
