N_THREADS,CHUNK_SIZE,n_obj,max_weight,max_value,time
0,0,30000,800000,109375995,59.416826
2,5632,30000,800000,109375995,58.674281
4,2816,30000,800000,109375995,60.698190
8,1408,30000,800000,109375995,61.561601
0,0,60000,800000,160265990,118.666719
2,5632,60000,800000,160265990,117.397639
4,2816,60000,800000,160265990,120.807204
8,1408,60000,800000,160265990,122.818249
0,0,120000,800000,228825765,236.923947
2,5632,120000,800000,228825765,234.260474
4,2816,120000,800000,228825765,241.653931
8,1408,120000,800000,228825765,245.565957
0,0,240000,800000,318797510,476.971725
2,5632,240000,800000,318797510,473.099138
4,2816,240000,800000,318797510,485.463422
8,1408,240000,800000,318797510,496.290938
