N_THREADS,CHUNK_SIZE,n_obj,max_weight,max_value,time
0,0,30000,200000,27690730,4.557217
2,5632,30000,200000,27690730,2.822480
4,2816,30000,200000,27690730,1.581970
8,1408,30000,200000,27690730,2.031020
0,0,60000,200000,40341935,9.216258
2,5632,60000,200000,40341935,5.748418
4,2816,60000,200000,40341935,3.359410
8,1408,60000,200000,40341935,4.162301
0,0,120000,200000,57049775,18.281282
2,5632,120000,200000,57049775,11.483339
4,2816,120000,200000,57049775,6.319956
8,1408,120000,200000,57049775,8.253198
0,0,240000,200000,79121055,36.777716
2,5632,240000,200000,79121055,22.791898
4,2816,240000,200000,79121055,12.697781
8,1408,240000,200000,79121055,16.286464
