N_THREADS,CHUNK_SIZE,n_obj,max_weight,max_value,time
0,0,30000,200000,27690730,4.559254
2,5632,30000,200000,27690730,2.819875
4,2816,30000,200000,27690730,1.588107
8,1408,30000,200000,27690730,1.997823
0,0,60000,200000,40341935,9.246537
2,5632,60000,200000,40341935,5.613781
4,2816,60000,200000,40341935,3.183256
8,1408,60000,200000,40341935,4.091817
0,0,120000,200000,57049775,18.493810
2,5632,120000,200000,57049775,11.445782
4,2816,120000,200000,57049775,6.430454
8,1408,120000,200000,57049775,8.334305
0,0,240000,200000,79121055,37.536458
2,5632,240000,200000,79121055,22.870867
4,2816,240000,200000,79121055,12.871339
8,1408,240000,200000,79121055,16.119259
