N_THREADS,CHUNK_SIZE,n_obj,max_weight,max_value,time
0,0,30000,800000,109375995,60.182027
2,5632,30000,800000,109375995,58.702894
4,2816,30000,800000,109375995,60.554134
8,1408,30000,800000,109375995,61.253985
0,0,60000,800000,160265990,118.870865
2,5632,60000,800000,160265990,117.507338
4,2816,60000,800000,160265990,121.467525
8,1408,60000,800000,160265990,124.078020
0,0,120000,800000,228825765,239.880697
2,5632,120000,800000,228825765,237.769109
4,2816,120000,800000,228825765,245.768045
8,1408,120000,800000,228825765,248.504568
0,0,240000,800000,318797510,482.404166
2,5632,240000,800000,318797510,478.312880
4,2816,240000,800000,318797510,494.201636
8,1408,240000,800000,318797510,499.046865
