N_THREADS,CHUNK_SIZE,n_obj,max_weight,max_value,time
0,0,30000,200000,27690730,4.671220
2,5632,30000,200000,27690730,2.872651
4,2816,30000,200000,27690730,1.598498
8,1408,30000,200000,27690730,2.064140
0,0,60000,200000,40341935,9.234849
2,5632,60000,200000,40341935,5.603830
4,2816,60000,200000,40341935,3.242837
8,1408,60000,200000,40341935,4.011255
0,0,120000,200000,57049775,18.760167
2,5632,120000,200000,57049775,11.300160
4,2816,120000,200000,57049775,6.341737
8,1408,120000,200000,57049775,8.228037
0,0,240000,200000,79121055,37.478845
2,5632,240000,200000,79121055,22.489691
4,2816,240000,200000,79121055,12.803309
8,1408,240000,200000,79121055,16.281017
