N_THREADS,CHUNK_SIZE,n_obj,max_weight,max_value,time
0,0,30000,100000,13797190,2.264340
2,5632,30000,100000,13797190,1.375639
4,2816,30000,100000,13797190,0.816032
8,1408,30000,100000,13797190,1.190642
0,0,60000,100000,19895245,4.494043
2,5632,60000,100000,19895245,2.726735
4,2816,60000,100000,19895245,1.633023
8,1408,60000,100000,19895245,2.384339
0,0,120000,100000,28233900,9.051441
2,5632,120000,100000,28233900,5.459410
4,2816,120000,100000,28233900,3.261457
8,1408,120000,100000,28233900,4.773033
0,0,240000,100000,40854065,17.963765
2,5632,240000,100000,40854065,11.078075
4,2816,240000,100000,40854065,6.518511
8,1408,240000,100000,40854065,9.570529
