N_THREADS,CHUNK_SIZE,n_obj,max_weight,max_value,time
0,0,30000,200000,27690730,4.684904
2,5632,30000,200000,27690730,2.840019
4,2816,30000,200000,27690730,1.616352
8,1408,30000,200000,27690730,2.121503
0,0,60000,200000,40341935,9.545839
2,5632,60000,200000,40341935,5.677718
4,2816,60000,200000,40341935,3.175361
8,1408,60000,200000,40341935,4.023740
0,0,120000,200000,57049775,18.588001
2,5632,120000,200000,57049775,11.312590
4,2816,120000,200000,57049775,6.371682
8,1408,120000,200000,57049775,8.043790
0,0,240000,200000,79121055,37.130744
2,5632,240000,200000,79121055,22.737653
4,2816,240000,200000,79121055,12.853933
8,1408,240000,200000,79121055,16.328857
