N_THREADS,CHUNK_SIZE,n_obj,max_weight,max_value,time
0,0,30000,100000,13797190,2.235232
2,5632,30000,100000,13797190,1.374482
4,2816,30000,100000,13797190,0.813542
8,1408,30000,100000,13797190,1.191407
0,0,60000,100000,19895245,4.539006
2,5632,60000,100000,19895245,2.731049
4,2816,60000,100000,19895245,1.626041
8,1408,60000,100000,19895245,2.385336
0,0,120000,100000,28233900,9.045948
2,5632,120000,100000,28233900,5.496363
4,2816,120000,100000,28233900,3.257258
8,1408,120000,100000,28233900,4.776794
0,0,240000,100000,40854065,17.848549
2,5632,240000,100000,40854065,11.062513
4,2816,240000,100000,40854065,6.506550
8,1408,240000,100000,40854065,9.539547
