N_THREADS,CHUNK_SIZE,n_obj,max_weight,max_value,time
0,0,30000,800000,109375995,58.919631
2,5632,30000,800000,109375995,58.355835
4,2816,30000,800000,109375995,60.258854
8,1408,30000,800000,109375995,61.116546
0,0,60000,800000,160265990,117.507520
2,5632,60000,800000,160265990,116.460097
4,2816,60000,800000,160265990,120.057023
8,1408,60000,800000,160265990,121.974266
0,0,120000,800000,228825765,234.732773
2,5632,120000,800000,228825765,232.593676
4,2816,120000,800000,228825765,239.342233
8,1408,120000,800000,228825765,243.388021
0,0,240000,800000,318797510,471.103688
2,5632,240000,800000,318797510,464.369378
4,2816,240000,800000,318797510,479.673033
8,1408,240000,800000,318797510,488.461882
