N_THREADS,CHUNK_SIZE,n_obj,max_weight,max_value,time
0,0,30000,800000,109375995,49.873292
2,5632,30000,800000,109375995,48.407995
4,2816,30000,800000,109375995,50.071277
8,1408,30000,800000,109375995,50.821844
0,0,60000,800000,160265990,98.440908
2,5632,60000,800000,160265990,96.812915
4,2816,60000,800000,160265990,99.020845
8,1408,60000,800000,160265990,100.342607
0,0,120000,800000,228825765,198.503178
2,5632,120000,800000,228825765,194.067610
4,2816,120000,800000,228825765,199.926327
8,1408,120000,800000,228825765,203.142971
0,0,240000,800000,318797510,405.461877
2,5632,240000,800000,318797510,395.411154
4,2816,240000,800000,318797510,405.725869
8,1408,240000,800000,318797510,412.525570
