N_THREADS,CHUNK_SIZE,n_obj,max_weight,max_value,time
0,0,30000,400000,55438960,15.456060
2,5632,30000,400000,55438960,13.019750
4,2816,30000,400000,55438960,12.676282
8,1408,30000,400000,55438960,14.443382
0,0,60000,400000,78412155,30.759148
2,5632,60000,400000,78412155,26.274535
4,2816,60000,400000,78412155,25.470355
8,1408,60000,400000,78412155,28.989811
0,0,120000,400000,114232810,64.048928
2,5632,120000,400000,114232810,51.857246
4,2816,120000,400000,114232810,53.700580
8,1408,120000,400000,114232810,58.547690
0,0,240000,400000,162945070,130.503482
2,5632,240000,400000,162945070,106.497398
4,2816,240000,400000,162945070,103.438846
8,1408,240000,400000,162945070,118.264295
