N_THREADS,CHUNK_SIZE,n_obj,max_weight,max_value,time
0,0,30000,100000,13797190,2.238893
2,5632,30000,100000,13797190,1.374536
4,2816,30000,100000,13797190,0.813666
8,1408,30000,100000,13797190,1.189386
0,0,60000,100000,19895245,4.485688
2,5632,60000,100000,19895245,2.767507
4,2816,60000,100000,19895245,1.625794
8,1408,60000,100000,19895245,2.378231
0,0,120000,100000,28233900,9.018055
2,5632,120000,100000,28233900,5.550447
4,2816,120000,100000,28233900,3.252807
8,1408,120000,100000,28233900,4.753434
0,0,240000,100000,40854065,17.874943
2,5632,240000,100000,40854065,11.058480
4,2816,240000,100000,40854065,6.474066
8,1408,240000,100000,40854065,9.507120
