N_THREADS,CHUNK_SIZE,n_obj,max_weight,max_value,time
0,0,30000,400000,55438960,15.819620
2,5632,30000,400000,55438960,12.903495
4,2816,30000,400000,55438960,12.571469
8,1408,30000,400000,55438960,13.925030
0,0,60000,400000,78412155,31.167330
2,5632,60000,400000,78412155,27.167075
4,2816,60000,400000,78412155,26.580983
8,1408,60000,400000,78412155,27.546139
0,0,120000,400000,114232810,61.371157
2,5632,120000,400000,114232810,52.889407
4,2816,120000,400000,114232810,52.163518
8,1408,120000,400000,114232810,55.787653
0,0,240000,400000,162945070,127.306265
2,5632,240000,400000,162945070,109.053622
4,2816,240000,400000,162945070,104.179722
8,1408,240000,400000,162945070,119.413095
