N_THREADS,CHUNK_SIZE,n_obj,max_weight,max_value,time
0,0,30000,800000,109375995,63.490098
2,5632,30000,800000,109375995,62.761851
4,2816,30000,800000,109375995,64.725734
8,1408,30000,800000,109375995,65.332029
0,0,60000,800000,160265990,126.389306
2,5632,60000,800000,160265990,125.490105
4,2816,60000,800000,160265990,129.544206
8,1408,60000,800000,160265990,130.268149
0,0,120000,800000,228825765,254.534401
2,5632,120000,800000,228825765,251.191721
4,2816,120000,800000,228825765,198.890781
8,1408,120000,800000,228825765,205.443831
0,0,240000,800000,318797510,390.238956
2,5632,240000,800000,318797510,393.608736
4,2816,240000,800000,318797510,393.399576
8,1408,240000,800000,318797510,410.927320
