N_THREADS,CHUNK_SIZE,n_obj,max_weight,max_value,time
0,0,30000,100000,13797190,2.256936
2,5632,30000,100000,13797190,1.383679
4,2816,30000,100000,13797190,0.813864
8,1408,30000,100000,13797190,1.191257
0,0,60000,100000,19895245,4.504163
2,5632,60000,100000,19895245,2.756974
4,2816,60000,100000,19895245,1.631723
8,1408,60000,100000,19895245,2.398193
0,0,120000,100000,28233900,9.023787
2,5632,120000,100000,28233900,5.469871
4,2816,120000,100000,28233900,3.263501
8,1408,120000,100000,28233900,4.770413
0,0,240000,100000,40854065,17.833287
2,5632,240000,100000,40854065,11.081500
4,2816,240000,100000,40854065,6.531542
8,1408,240000,100000,40854065,9.536833
