N_THREADS,CHUNK_SIZE,n_obj,max_weight,max_value,time
0,0,30000,800000,109375995,59.756687
2,5632,30000,800000,109375995,59.077217
4,2816,30000,800000,109375995,60.897338
8,1408,30000,800000,109375995,61.826527
0,0,60000,800000,160265990,120.089804
2,5632,60000,800000,160265990,118.396116
4,2816,60000,800000,160265990,121.978031
8,1408,60000,800000,160265990,123.661759
0,0,120000,800000,228825765,239.368304
2,5632,120000,800000,228825765,237.214471
4,2816,120000,800000,228825765,245.045154
8,1408,120000,800000,228825765,248.420346
0,0,240000,800000,318797510,487.359120
2,5632,240000,800000,318797510,482.783907
4,2816,240000,800000,318797510,491.040499
8,1408,240000,800000,318797510,491.553579
